# photband: GALEX_NUV
# source: SVO Filter Profile Service
# svo_id: GALEX/GALEX.NUV
# detector_type: 1
# response_type: photon
# components: Filter + Instrument
# profile_reference: http://galexgi.gsfc.nasa.gov/docs/galex/Documents/PostLaunchNUVImagingResponseCurves.htm
# wavelength_unit: Angstrom
# columns: wavelength transmission
1.6900000000e+03 0.0000000000e+00
1.6910000000e+03 2.4500000000e-01
1.6920000000e+03 4.9000000000e-01
1.6930000000e+03 7.3500000000e-01
1.6940000000e+03 9.8000000000e-01
1.6950000000e+03 1.2250000000e+00
1.6960000000e+03 1.4700000000e+00
1.6970000000e+03 1.7150000000e+00
1.6980000000e+03 1.9600000000e+00
1.6990000000e+03 2.2050000000e+00
1.7000000000e+03 2.4500000000e+00
1.7010000000e+03 2.4676000000e+00
1.7020000000e+03 2.4852000000e+00
1.7030000000e+03 2.5028000000e+00
1.7040000000e+03 2.5204000000e+00
1.7050000000e+03 2.5380000000e+00
1.7060000000e+03 2.5556000000e+00
1.7070000000e+03 2.5732000000e+00
1.7080000000e+03 2.5908000000e+00
1.7090000000e+03 2.6084000000e+00
1.7100000000e+03 2.6260000000e+00
1.7110000000e+03 2.6436000000e+00
1.7120000000e+03 2.6612000000e+00
1.7130000000e+03 2.6788000000e+00
1.7140000000e+03 2.6964000000e+00
1.7150000000e+03 2.7140000000e+00
1.7160000000e+03 2.7316000000e+00
1.7170000000e+03 2.7492000000e+00
1.7180000000e+03 2.7668000000e+00
1.7190000000e+03 2.7844000000e+00
1.7200000000e+03 2.8020000000e+00
1.7210000000e+03 2.8196000000e+00
1.7220000000e+03 2.8372000000e+00
1.7230000000e+03 2.8548000000e+00
1.7240000000e+03 2.8724000000e+00
1.7250000000e+03 2.8900000000e+00
1.7260000000e+03 2.9076000000e+00
1.7270000000e+03 2.9252000000e+00
1.7280000000e+03 2.9428000000e+00
1.7290000000e+03 2.9604000000e+00
1.7300000000e+03 2.9780000000e+00
1.7310000000e+03 2.9956000000e+00
1.7320000000e+03 3.0132000000e+00
1.7330000000e+03 3.0308000000e+00
1.7340000000e+03 3.0484000000e+00
1.7350000000e+03 3.0660000000e+00
1.7360000000e+03 3.0836000000e+00
1.7370000000e+03 3.1012000000e+00
1.7380000000e+03 3.1188000000e+00
1.7390000000e+03 3.1364000000e+00
1.7400000000e+03 3.1540000000e+00
1.7410000000e+03 3.1716000000e+00
1.7420000000e+03 3.1892000000e+00
1.7430000000e+03 3.2068000000e+00
1.7440000000e+03 3.2244000000e+00
1.7450000000e+03 3.2420000000e+00
1.7460000000e+03 3.2596000000e+00
1.7470000000e+03 3.2772000000e+00
1.7480000000e+03 3.2948000000e+00
1.7490000000e+03 3.3124000000e+00
1.7500000000e+03 3.3300000000e+00
1.7510000000e+03 3.4672000000e+00
1.7520000000e+03 3.6044000000e+00
1.7530000000e+03 3.7416000000e+00
1.7540000000e+03 3.8788000000e+00
1.7550000000e+03 4.0160000000e+00
1.7560000000e+03 4.1532000000e+00
1.7570000000e+03 4.2904000000e+00
1.7580000000e+03 4.4276000000e+00
1.7590000000e+03 4.5648000000e+00
1.7600000000e+03 4.7020000000e+00
1.7610000000e+03 4.8392000000e+00
1.7620000000e+03 4.9764000000e+00
1.7630000000e+03 5.1136000000e+00
1.7640000000e+03 5.2508000000e+00
1.7650000000e+03 5.3880000000e+00
1.7660000000e+03 5.5252000000e+00
1.7670000000e+03 5.6624000000e+00
1.7680000000e+03 5.7996000000e+00
1.7690000000e+03 5.9368000000e+00
1.7700000000e+03 6.0740000000e+00
1.7710000000e+03 6.2112000000e+00
1.7720000000e+03 6.3484000000e+00
1.7730000000e+03 6.4856000000e+00
1.7740000000e+03 6.6228000000e+00
1.7750000000e+03 6.7600000000e+00
1.7760000000e+03 6.8972000000e+00
1.7770000000e+03 7.0344000000e+00
1.7780000000e+03 7.1716000000e+00
1.7790000000e+03 7.3088000000e+00
1.7800000000e+03 7.4460000000e+00
1.7810000000e+03 7.5832000000e+00
1.7820000000e+03 7.7204000000e+00
1.7830000000e+03 7.8576000000e+00
1.7840000000e+03 7.9948000000e+00
1.7850000000e+03 8.1320000000e+00
1.7860000000e+03 8.2692000000e+00
1.7870000000e+03 8.4064000000e+00
1.7880000000e+03 8.5436000000e+00
1.7890000000e+03 8.6808000000e+00
1.7900000000e+03 8.8180000000e+00
1.7910000000e+03 8.9552000000e+00
1.7920000000e+03 9.0924000000e+00
1.7930000000e+03 9.2296000000e+00
1.7940000000e+03 9.3668000000e+00
1.7950000000e+03 9.5040000000e+00
1.7960000000e+03 9.6412000000e+00
1.7970000000e+03 9.7784000000e+00
1.7980000000e+03 9.9156000000e+00
1.7990000000e+03 1.0052800000e+01
1.8000000000e+03 1.0190000000e+01
1.8010000000e+03 1.0338000000e+01
1.8020000000e+03 1.0486000000e+01
1.8030000000e+03 1.0634000000e+01
1.8040000000e+03 1.0782000000e+01
1.8050000000e+03 1.0930000000e+01
1.8060000000e+03 1.1078000000e+01
1.8070000000e+03 1.1226000000e+01
1.8080000000e+03 1.1374000000e+01
1.8090000000e+03 1.1522000000e+01
1.8100000000e+03 1.1670000000e+01
1.8110000000e+03 1.1818000000e+01
1.8120000000e+03 1.1966000000e+01
1.8130000000e+03 1.2114000000e+01
1.8140000000e+03 1.2262000000e+01
1.8150000000e+03 1.2410000000e+01
1.8160000000e+03 1.2558000000e+01
1.8170000000e+03 1.2706000000e+01
1.8180000000e+03 1.2854000000e+01
1.8190000000e+03 1.3002000000e+01
1.8200000000e+03 1.3150000000e+01
1.8210000000e+03 1.3298000000e+01
1.8220000000e+03 1.3446000000e+01
1.8230000000e+03 1.3594000000e+01
1.8240000000e+03 1.3742000000e+01
1.8250000000e+03 1.3890000000e+01
1.8260000000e+03 1.4038000000e+01
1.8270000000e+03 1.4186000000e+01
1.8280000000e+03 1.4334000000e+01
1.8290000000e+03 1.4482000000e+01
1.8300000000e+03 1.4630000000e+01
1.8310000000e+03 1.4778000000e+01
1.8320000000e+03 1.4926000000e+01
1.8330000000e+03 1.5074000000e+01
1.8340000000e+03 1.5222000000e+01
1.8350000000e+03 1.5370000000e+01
1.8360000000e+03 1.5518000000e+01
1.8370000000e+03 1.5666000000e+01
1.8380000000e+03 1.5814000000e+01
1.8390000000e+03 1.5962000000e+01
1.8400000000e+03 1.6110000000e+01
1.8410000000e+03 1.6258000000e+01
1.8420000000e+03 1.6406000000e+01
1.8430000000e+03 1.6554000000e+01
1.8440000000e+03 1.6702000000e+01
1.8450000000e+03 1.6850000000e+01
1.8460000000e+03 1.6998000000e+01
1.8470000000e+03 1.7146000000e+01
1.8480000000e+03 1.7294000000e+01
1.8490000000e+03 1.7442000000e+01
1.8500000000e+03 1.7590000000e+01
1.8510000000e+03 1.7772000000e+01
1.8520000000e+03 1.7954000000e+01
1.8530000000e+03 1.8136000000e+01
1.8540000000e+03 1.8318000000e+01
1.8550000000e+03 1.8500000000e+01
1.8560000000e+03 1.8682000000e+01
1.8570000000e+03 1.8864000000e+01
1.8580000000e+03 1.9046000000e+01
1.8590000000e+03 1.9228000000e+01
1.8600000000e+03 1.9410000000e+01
1.8610000000e+03 1.9592000000e+01
1.8620000000e+03 1.9774000000e+01
1.8630000000e+03 1.9956000000e+01
1.8640000000e+03 2.0138000000e+01
1.8650000000e+03 2.0320000000e+01
1.8660000000e+03 2.0502000000e+01
1.8670000000e+03 2.0684000000e+01
1.8680000000e+03 2.0866000000e+01
1.8690000000e+03 2.1048000000e+01
1.8700000000e+03 2.1230000000e+01
1.8710000000e+03 2.1412000000e+01
1.8720000000e+03 2.1594000000e+01
1.8730000000e+03 2.1776000000e+01
1.8740000000e+03 2.1958000000e+01
1.8750000000e+03 2.2140000000e+01
1.8760000000e+03 2.2322000000e+01
1.8770000000e+03 2.2504000000e+01
1.8780000000e+03 2.2686000000e+01
1.8790000000e+03 2.2868000000e+01
1.8800000000e+03 2.3050000000e+01
1.8810000000e+03 2.3232000000e+01
1.8820000000e+03 2.3414000000e+01
1.8830000000e+03 2.3596000000e+01
1.8840000000e+03 2.3778000000e+01
1.8850000000e+03 2.3960000000e+01
1.8860000000e+03 2.4142000000e+01
1.8870000000e+03 2.4324000000e+01
1.8880000000e+03 2.4506000000e+01
1.8890000000e+03 2.4688000000e+01
1.8900000000e+03 2.4870000000e+01
1.8910000000e+03 2.5052000000e+01
1.8920000000e+03 2.5234000000e+01
1.8930000000e+03 2.5416000000e+01
1.8940000000e+03 2.5598000000e+01
1.8950000000e+03 2.5780000000e+01
1.8960000000e+03 2.5962000000e+01
1.8970000000e+03 2.6144000000e+01
1.8980000000e+03 2.6326000000e+01
1.8990000000e+03 2.6508000000e+01
1.9000000000e+03 2.6690000000e+01
1.9010000000e+03 2.6823600000e+01
1.9020000000e+03 2.6957200000e+01
1.9030000000e+03 2.7090800000e+01
1.9040000000e+03 2.7224400000e+01
1.9050000000e+03 2.7358000000e+01
1.9060000000e+03 2.7491600000e+01
1.9070000000e+03 2.7625200000e+01
1.9080000000e+03 2.7758800000e+01
1.9090000000e+03 2.7892400000e+01
1.9100000000e+03 2.8026000000e+01
1.9110000000e+03 2.8159600000e+01
1.9120000000e+03 2.8293200000e+01
1.9130000000e+03 2.8426800000e+01
1.9140000000e+03 2.8560400000e+01
1.9150000000e+03 2.8694000000e+01
1.9160000000e+03 2.8827600000e+01
1.9170000000e+03 2.8961200000e+01
1.9180000000e+03 2.9094800000e+01
1.9190000000e+03 2.9228400000e+01
1.9200000000e+03 2.9362000000e+01
1.9210000000e+03 2.9495600000e+01
1.9220000000e+03 2.9629200000e+01
1.9230000000e+03 2.9762800000e+01
1.9240000000e+03 2.9896400000e+01
1.9250000000e+03 3.0030000000e+01
1.9260000000e+03 3.0163600000e+01
1.9270000000e+03 3.0297200000e+01
1.9280000000e+03 3.0430800000e+01
1.9290000000e+03 3.0564400000e+01
1.9300000000e+03 3.0698000000e+01
1.9310000000e+03 3.0831600000e+01
1.9320000000e+03 3.0965200000e+01
1.9330000000e+03 3.1098800000e+01
1.9340000000e+03 3.1232400000e+01
1.9350000000e+03 3.1366000000e+01
1.9360000000e+03 3.1499600000e+01
1.9370000000e+03 3.1633200000e+01
1.9380000000e+03 3.1766800000e+01
1.9390000000e+03 3.1900400000e+01
1.9400000000e+03 3.2034000000e+01
1.9410000000e+03 3.2167600000e+01
1.9420000000e+03 3.2301200000e+01
1.9430000000e+03 3.2434800000e+01
1.9440000000e+03 3.2568400000e+01
1.9450000000e+03 3.2702000000e+01
1.9460000000e+03 3.2835600000e+01
1.9470000000e+03 3.2969200000e+01
1.9480000000e+03 3.3102800000e+01
1.9490000000e+03 3.3236400000e+01
1.9500000000e+03 3.3370000000e+01
1.9510000000e+03 3.3601200000e+01
1.9520000000e+03 3.3832400000e+01
1.9530000000e+03 3.4063600000e+01
1.9540000000e+03 3.4294800000e+01
1.9550000000e+03 3.4526000000e+01
1.9560000000e+03 3.4757200000e+01
1.9570000000e+03 3.4988400000e+01
1.9580000000e+03 3.5219600000e+01
1.9590000000e+03 3.5450800000e+01
1.9600000000e+03 3.5682000000e+01
1.9610000000e+03 3.5913200000e+01
1.9620000000e+03 3.6144400000e+01
1.9630000000e+03 3.6375600000e+01
1.9640000000e+03 3.6606800000e+01
1.9650000000e+03 3.6838000000e+01
1.9660000000e+03 3.7069200000e+01
1.9670000000e+03 3.7300400000e+01
1.9680000000e+03 3.7531600000e+01
1.9690000000e+03 3.7762800000e+01
1.9700000000e+03 3.7994000000e+01
1.9710000000e+03 3.8225200000e+01
1.9720000000e+03 3.8456400000e+01
1.9730000000e+03 3.8687600000e+01
1.9740000000e+03 3.8918800000e+01
1.9750000000e+03 3.9150000000e+01
1.9760000000e+03 3.9381200000e+01
1.9770000000e+03 3.9612400000e+01
1.9780000000e+03 3.9843600000e+01
1.9790000000e+03 4.0074800000e+01
1.9800000000e+03 4.0306000000e+01
1.9810000000e+03 4.0537200000e+01
1.9820000000e+03 4.0768400000e+01
1.9830000000e+03 4.0999600000e+01
1.9840000000e+03 4.1230800000e+01
1.9850000000e+03 4.1462000000e+01
1.9860000000e+03 4.1693200000e+01
1.9870000000e+03 4.1924400000e+01
1.9880000000e+03 4.2155600000e+01
1.9890000000e+03 4.2386800000e+01
1.9900000000e+03 4.2618000000e+01
1.9910000000e+03 4.2849200000e+01
1.9920000000e+03 4.3080400000e+01
1.9930000000e+03 4.3311600000e+01
1.9940000000e+03 4.3542800000e+01
1.9950000000e+03 4.3774000000e+01
1.9960000000e+03 4.4005200000e+01
1.9970000000e+03 4.4236400000e+01
1.9980000000e+03 4.4467600000e+01
1.9990000000e+03 4.4698800000e+01
2.0000000000e+03 4.4930000000e+01
2.0010000000e+03 4.4973600000e+01
2.0020000000e+03 4.5017200000e+01
2.0030000000e+03 4.5060800000e+01
2.0040000000e+03 4.5104400000e+01
2.0050000000e+03 4.5148000000e+01
2.0060000000e+03 4.5191600000e+01
2.0070000000e+03 4.5235200000e+01
2.0080000000e+03 4.5278800000e+01
2.0090000000e+03 4.5322400000e+01
2.0100000000e+03 4.5366000000e+01
2.0110000000e+03 4.5409600000e+01
2.0120000000e+03 4.5453200000e+01
2.0130000000e+03 4.5496800000e+01
2.0140000000e+03 4.5540400000e+01
2.0150000000e+03 4.5584000000e+01
2.0160000000e+03 4.5627600000e+01
2.0170000000e+03 4.5671200000e+01
2.0180000000e+03 4.5714800000e+01
2.0190000000e+03 4.5758400000e+01
2.0200000000e+03 4.5802000000e+01
2.0210000000e+03 4.5845600000e+01
2.0220000000e+03 4.5889200000e+01
2.0230000000e+03 4.5932800000e+01
2.0240000000e+03 4.5976400000e+01
2.0250000000e+03 4.6020000000e+01
2.0260000000e+03 4.6063600000e+01
2.0270000000e+03 4.6107200000e+01
2.0280000000e+03 4.6150800000e+01
2.0290000000e+03 4.6194400000e+01
2.0300000000e+03 4.6238000000e+01
2.0310000000e+03 4.6281600000e+01
2.0320000000e+03 4.6325200000e+01
2.0330000000e+03 4.6368800000e+01
2.0340000000e+03 4.6412400000e+01
2.0350000000e+03 4.6456000000e+01
2.0360000000e+03 4.6499600000e+01
2.0370000000e+03 4.6543200000e+01
2.0380000000e+03 4.6586800000e+01
2.0390000000e+03 4.6630400000e+01
2.0400000000e+03 4.6674000000e+01
2.0410000000e+03 4.6717600000e+01
2.0420000000e+03 4.6761200000e+01
2.0430000000e+03 4.6804800000e+01
2.0440000000e+03 4.6848400000e+01
2.0450000000e+03 4.6892000000e+01
2.0460000000e+03 4.6935600000e+01
2.0470000000e+03 4.6979200000e+01
2.0480000000e+03 4.7022800000e+01
2.0490000000e+03 4.7066400000e+01
2.0500000000e+03 4.7110000000e+01
2.0510000000e+03 4.7219800000e+01
2.0520000000e+03 4.7329600000e+01
2.0530000000e+03 4.7439400000e+01
2.0540000000e+03 4.7549200000e+01
2.0550000000e+03 4.7659000000e+01
2.0560000000e+03 4.7768800000e+01
2.0570000000e+03 4.7878600000e+01
2.0580000000e+03 4.7988400000e+01
2.0590000000e+03 4.8098200000e+01
2.0600000000e+03 4.8208000000e+01
2.0610000000e+03 4.8317800000e+01
2.0620000000e+03 4.8427600000e+01
2.0630000000e+03 4.8537400000e+01
2.0640000000e+03 4.8647200000e+01
2.0650000000e+03 4.8757000000e+01
2.0660000000e+03 4.8866800000e+01
2.0670000000e+03 4.8976600000e+01
2.0680000000e+03 4.9086400000e+01
2.0690000000e+03 4.9196200000e+01
2.0700000000e+03 4.9306000000e+01
2.0710000000e+03 4.9415800000e+01
2.0720000000e+03 4.9525600000e+01
2.0730000000e+03 4.9635400000e+01
2.0740000000e+03 4.9745200000e+01
2.0750000000e+03 4.9855000000e+01
2.0760000000e+03 4.9964800000e+01
2.0770000000e+03 5.0074600000e+01
2.0780000000e+03 5.0184400000e+01
2.0790000000e+03 5.0294200000e+01
2.0800000000e+03 5.0404000000e+01
2.0810000000e+03 5.0513800000e+01
2.0820000000e+03 5.0623600000e+01
2.0830000000e+03 5.0733400000e+01
2.0840000000e+03 5.0843200000e+01
2.0850000000e+03 5.0953000000e+01
2.0860000000e+03 5.1062800000e+01
2.0870000000e+03 5.1172600000e+01
2.0880000000e+03 5.1282400000e+01
2.0890000000e+03 5.1392200000e+01
2.0900000000e+03 5.1502000000e+01
2.0910000000e+03 5.1611800000e+01
2.0920000000e+03 5.1721600000e+01
2.0930000000e+03 5.1831400000e+01
2.0940000000e+03 5.1941200000e+01
2.0950000000e+03 5.2051000000e+01
2.0960000000e+03 5.2160800000e+01
2.0970000000e+03 5.2270600000e+01
2.0980000000e+03 5.2380400000e+01
2.0990000000e+03 5.2490200000e+01
2.1000000000e+03 5.2600000000e+01
2.1010000000e+03 5.2738000000e+01
2.1020000000e+03 5.2876000000e+01
2.1030000000e+03 5.3014000000e+01
2.1040000000e+03 5.3152000000e+01
2.1050000000e+03 5.3290000000e+01
2.1060000000e+03 5.3428000000e+01
2.1070000000e+03 5.3566000000e+01
2.1080000000e+03 5.3704000000e+01
2.1090000000e+03 5.3842000000e+01
2.1100000000e+03 5.3980000000e+01
2.1110000000e+03 5.4118000000e+01
2.1120000000e+03 5.4256000000e+01
2.1130000000e+03 5.4394000000e+01
2.1140000000e+03 5.4532000000e+01
2.1150000000e+03 5.4670000000e+01
2.1160000000e+03 5.4808000000e+01
2.1170000000e+03 5.4946000000e+01
2.1180000000e+03 5.5084000000e+01
2.1190000000e+03 5.5222000000e+01
2.1200000000e+03 5.5360000000e+01
2.1210000000e+03 5.5498000000e+01
2.1220000000e+03 5.5636000000e+01
2.1230000000e+03 5.5774000000e+01
2.1240000000e+03 5.5912000000e+01
2.1250000000e+03 5.6050000000e+01
2.1260000000e+03 5.6188000000e+01
2.1270000000e+03 5.6326000000e+01
2.1280000000e+03 5.6464000000e+01
2.1290000000e+03 5.6602000000e+01
2.1300000000e+03 5.6740000000e+01
2.1310000000e+03 5.6878000000e+01
2.1320000000e+03 5.7016000000e+01
2.1330000000e+03 5.7154000000e+01
2.1340000000e+03 5.7292000000e+01
2.1350000000e+03 5.7430000000e+01
2.1360000000e+03 5.7568000000e+01
2.1370000000e+03 5.7706000000e+01
2.1380000000e+03 5.7844000000e+01
2.1390000000e+03 5.7982000000e+01
2.1400000000e+03 5.8120000000e+01
2.1410000000e+03 5.8258000000e+01
2.1420000000e+03 5.8396000000e+01
2.1430000000e+03 5.8534000000e+01
2.1440000000e+03 5.8672000000e+01
2.1450000000e+03 5.8810000000e+01
2.1460000000e+03 5.8948000000e+01
2.1470000000e+03 5.9086000000e+01
2.1480000000e+03 5.9224000000e+01
2.1490000000e+03 5.9362000000e+01
2.1500000000e+03 5.9500000000e+01
2.1510000000e+03 5.9543200000e+01
2.1520000000e+03 5.9586400000e+01
2.1530000000e+03 5.9629600000e+01
2.1540000000e+03 5.9672800000e+01
2.1550000000e+03 5.9716000000e+01
2.1560000000e+03 5.9759200000e+01
2.1570000000e+03 5.9802400000e+01
2.1580000000e+03 5.9845600000e+01
2.1590000000e+03 5.9888800000e+01
2.1600000000e+03 5.9932000000e+01
2.1610000000e+03 5.9975200000e+01
2.1620000000e+03 6.0018400000e+01
2.1630000000e+03 6.0061600000e+01
2.1640000000e+03 6.0104800000e+01
2.1650000000e+03 6.0148000000e+01
2.1660000000e+03 6.0191200000e+01
2.1670000000e+03 6.0234400000e+01
2.1680000000e+03 6.0277600000e+01
2.1690000000e+03 6.0320800000e+01
2.1700000000e+03 6.0364000000e+01
2.1710000000e+03 6.0407200000e+01
2.1720000000e+03 6.0450400000e+01
2.1730000000e+03 6.0493600000e+01
2.1740000000e+03 6.0536800000e+01
2.1750000000e+03 6.0580000000e+01
2.1760000000e+03 6.0623200000e+01
2.1770000000e+03 6.0666400000e+01
2.1780000000e+03 6.0709600000e+01
2.1790000000e+03 6.0752800000e+01
2.1800000000e+03 6.0796000000e+01
2.1810000000e+03 6.0839200000e+01
2.1820000000e+03 6.0882400000e+01
2.1830000000e+03 6.0925600000e+01
2.1840000000e+03 6.0968800000e+01
2.1850000000e+03 6.1012000000e+01
2.1860000000e+03 6.1055200000e+01
2.1870000000e+03 6.1098400000e+01
2.1880000000e+03 6.1141600000e+01
2.1890000000e+03 6.1184800000e+01
2.1900000000e+03 6.1228000000e+01
2.1910000000e+03 6.1271200000e+01
2.1920000000e+03 6.1314400000e+01
2.1930000000e+03 6.1357600000e+01
2.1940000000e+03 6.1400800000e+01
2.1950000000e+03 6.1444000000e+01
2.1960000000e+03 6.1487200000e+01
2.1970000000e+03 6.1530400000e+01
2.1980000000e+03 6.1573600000e+01
2.1990000000e+03 6.1616800000e+01
2.2000000000e+03 6.1660000000e+01
2.2010000000e+03 6.1555200000e+01
2.2020000000e+03 6.1450400000e+01
2.2030000000e+03 6.1345600000e+01
2.2040000000e+03 6.1240800000e+01
2.2050000000e+03 6.1136000000e+01
2.2060000000e+03 6.1031200000e+01
2.2070000000e+03 6.0926400000e+01
2.2080000000e+03 6.0821600000e+01
2.2090000000e+03 6.0716800000e+01
2.2100000000e+03 6.0612000000e+01
2.2110000000e+03 6.0507200000e+01
2.2120000000e+03 6.0402400000e+01
2.2130000000e+03 6.0297600000e+01
2.2140000000e+03 6.0192800000e+01
2.2150000000e+03 6.0088000000e+01
2.2160000000e+03 5.9983200000e+01
2.2170000000e+03 5.9878400000e+01
2.2180000000e+03 5.9773600000e+01
2.2190000000e+03 5.9668800000e+01
2.2200000000e+03 5.9564000000e+01
2.2210000000e+03 5.9459200000e+01
2.2220000000e+03 5.9354400000e+01
2.2230000000e+03 5.9249600000e+01
2.2240000000e+03 5.9144800000e+01
2.2250000000e+03 5.9040000000e+01
2.2260000000e+03 5.8935200000e+01
2.2270000000e+03 5.8830400000e+01
2.2280000000e+03 5.8725600000e+01
2.2290000000e+03 5.8620800000e+01
2.2300000000e+03 5.8516000000e+01
2.2310000000e+03 5.8411200000e+01
2.2320000000e+03 5.8306400000e+01
2.2330000000e+03 5.8201600000e+01
2.2340000000e+03 5.8096800000e+01
2.2350000000e+03 5.7992000000e+01
2.2360000000e+03 5.7887200000e+01
2.2370000000e+03 5.7782400000e+01
2.2380000000e+03 5.7677600000e+01
2.2390000000e+03 5.7572800000e+01
2.2400000000e+03 5.7468000000e+01
2.2410000000e+03 5.7363200000e+01
2.2420000000e+03 5.7258400000e+01
2.2430000000e+03 5.7153600000e+01
2.2440000000e+03 5.7048800000e+01
2.2450000000e+03 5.6944000000e+01
2.2460000000e+03 5.6839200000e+01
2.2470000000e+03 5.6734400000e+01
2.2480000000e+03 5.6629600000e+01
2.2490000000e+03 5.6524800000e+01
2.2500000000e+03 5.6420000000e+01
2.2510000000e+03 5.6352800000e+01
2.2520000000e+03 5.6285600000e+01
2.2530000000e+03 5.6218400000e+01
2.2540000000e+03 5.6151200000e+01
2.2550000000e+03 5.6084000000e+01
2.2560000000e+03 5.6016800000e+01
2.2570000000e+03 5.5949600000e+01
2.2580000000e+03 5.5882400000e+01
2.2590000000e+03 5.5815200000e+01
2.2600000000e+03 5.5748000000e+01
2.2610000000e+03 5.5680800000e+01
2.2620000000e+03 5.5613600000e+01
2.2630000000e+03 5.5546400000e+01
2.2640000000e+03 5.5479200000e+01
2.2650000000e+03 5.5412000000e+01
2.2660000000e+03 5.5344800000e+01
2.2670000000e+03 5.5277600000e+01
2.2680000000e+03 5.5210400000e+01
2.2690000000e+03 5.5143200000e+01
2.2700000000e+03 5.5076000000e+01
2.2710000000e+03 5.5008800000e+01
2.2720000000e+03 5.4941600000e+01
2.2730000000e+03 5.4874400000e+01
2.2740000000e+03 5.4807200000e+01
2.2750000000e+03 5.4740000000e+01
2.2760000000e+03 5.4672800000e+01
2.2770000000e+03 5.4605600000e+01
2.2780000000e+03 5.4538400000e+01
2.2790000000e+03 5.4471200000e+01
2.2800000000e+03 5.4404000000e+01
2.2810000000e+03 5.4336800000e+01
2.2820000000e+03 5.4269600000e+01
2.2830000000e+03 5.4202400000e+01
2.2840000000e+03 5.4135200000e+01
2.2850000000e+03 5.4068000000e+01
2.2860000000e+03 5.4000800000e+01
2.2870000000e+03 5.3933600000e+01
2.2880000000e+03 5.3866400000e+01
2.2890000000e+03 5.3799200000e+01
2.2900000000e+03 5.3732000000e+01
2.2910000000e+03 5.3664800000e+01
2.2920000000e+03 5.3597600000e+01
2.2930000000e+03 5.3530400000e+01
2.2940000000e+03 5.3463200000e+01
2.2950000000e+03 5.3396000000e+01
2.2960000000e+03 5.3328800000e+01
2.2970000000e+03 5.3261600000e+01
2.2980000000e+03 5.3194400000e+01
2.2990000000e+03 5.3127200000e+01
2.3000000000e+03 5.3060000000e+01
2.3010000000e+03 5.2951800000e+01
2.3020000000e+03 5.2843600000e+01
2.3030000000e+03 5.2735400000e+01
2.3040000000e+03 5.2627200000e+01
2.3050000000e+03 5.2519000000e+01
2.3060000000e+03 5.2410800000e+01
2.3070000000e+03 5.2302600000e+01
2.3080000000e+03 5.2194400000e+01
2.3090000000e+03 5.2086200000e+01
2.3100000000e+03 5.1978000000e+01
2.3110000000e+03 5.1869800000e+01
2.3120000000e+03 5.1761600000e+01
2.3130000000e+03 5.1653400000e+01
2.3140000000e+03 5.1545200000e+01
2.3150000000e+03 5.1437000000e+01
2.3160000000e+03 5.1328800000e+01
2.3170000000e+03 5.1220600000e+01
2.3180000000e+03 5.1112400000e+01
2.3190000000e+03 5.1004200000e+01
2.3200000000e+03 5.0896000000e+01
2.3210000000e+03 5.0787800000e+01
2.3220000000e+03 5.0679600000e+01
2.3230000000e+03 5.0571400000e+01
2.3240000000e+03 5.0463200000e+01
2.3250000000e+03 5.0355000000e+01
2.3260000000e+03 5.0246800000e+01
2.3270000000e+03 5.0138600000e+01
2.3280000000e+03 5.0030400000e+01
2.3290000000e+03 4.9922200000e+01
2.3300000000e+03 4.9814000000e+01
2.3310000000e+03 4.9705800000e+01
2.3320000000e+03 4.9597600000e+01
2.3330000000e+03 4.9489400000e+01
2.3340000000e+03 4.9381200000e+01
2.3350000000e+03 4.9273000000e+01
2.3360000000e+03 4.9164800000e+01
2.3370000000e+03 4.9056600000e+01
2.3380000000e+03 4.8948400000e+01
2.3390000000e+03 4.8840200000e+01
2.3400000000e+03 4.8732000000e+01
2.3410000000e+03 4.8623800000e+01
2.3420000000e+03 4.8515600000e+01
2.3430000000e+03 4.8407400000e+01
2.3440000000e+03 4.8299200000e+01
2.3450000000e+03 4.8191000000e+01
2.3460000000e+03 4.8082800000e+01
2.3470000000e+03 4.7974600000e+01
2.3480000000e+03 4.7866400000e+01
2.3490000000e+03 4.7758200000e+01
2.3500000000e+03 4.7650000000e+01
2.3510000000e+03 4.7711600000e+01
2.3520000000e+03 4.7773200000e+01
2.3530000000e+03 4.7834800000e+01
2.3540000000e+03 4.7896400000e+01
2.3550000000e+03 4.7958000000e+01
2.3560000000e+03 4.8019600000e+01
2.3570000000e+03 4.8081200000e+01
2.3580000000e+03 4.8142800000e+01
2.3590000000e+03 4.8204400000e+01
2.3600000000e+03 4.8266000000e+01
2.3610000000e+03 4.8327600000e+01
2.3620000000e+03 4.8389200000e+01
2.3630000000e+03 4.8450800000e+01
2.3640000000e+03 4.8512400000e+01
2.3650000000e+03 4.8574000000e+01
2.3660000000e+03 4.8635600000e+01
2.3670000000e+03 4.8697200000e+01
2.3680000000e+03 4.8758800000e+01
2.3690000000e+03 4.8820400000e+01
2.3700000000e+03 4.8882000000e+01
2.3710000000e+03 4.8943600000e+01
2.3720000000e+03 4.9005200000e+01
2.3730000000e+03 4.9066800000e+01
2.3740000000e+03 4.9128400000e+01
2.3750000000e+03 4.9190000000e+01
2.3760000000e+03 4.9251600000e+01
2.3770000000e+03 4.9313200000e+01
2.3780000000e+03 4.9374800000e+01
2.3790000000e+03 4.9436400000e+01
2.3800000000e+03 4.9498000000e+01
2.3810000000e+03 4.9559600000e+01
2.3820000000e+03 4.9621200000e+01
2.3830000000e+03 4.9682800000e+01
2.3840000000e+03 4.9744400000e+01
2.3850000000e+03 4.9806000000e+01
2.3860000000e+03 4.9867600000e+01
2.3870000000e+03 4.9929200000e+01
2.3880000000e+03 4.9990800000e+01
2.3890000000e+03 5.0052400000e+01
2.3900000000e+03 5.0114000000e+01
2.3910000000e+03 5.0175600000e+01
2.3920000000e+03 5.0237200000e+01
2.3930000000e+03 5.0298800000e+01
2.3940000000e+03 5.0360400000e+01
2.3950000000e+03 5.0422000000e+01
2.3960000000e+03 5.0483600000e+01
2.3970000000e+03 5.0545200000e+01
2.3980000000e+03 5.0606800000e+01
2.3990000000e+03 5.0668400000e+01
2.4000000000e+03 5.0730000000e+01
2.4010000000e+03 5.0784800000e+01
2.4020000000e+03 5.0839600000e+01
2.4030000000e+03 5.0894400000e+01
2.4040000000e+03 5.0949200000e+01
2.4050000000e+03 5.1004000000e+01
2.4060000000e+03 5.1058800000e+01
2.4070000000e+03 5.1113600000e+01
2.4080000000e+03 5.1168400000e+01
2.4090000000e+03 5.1223200000e+01
2.4100000000e+03 5.1278000000e+01
2.4110000000e+03 5.1332800000e+01
2.4120000000e+03 5.1387600000e+01
2.4130000000e+03 5.1442400000e+01
2.4140000000e+03 5.1497200000e+01
2.4150000000e+03 5.1552000000e+01
2.4160000000e+03 5.1606800000e+01
2.4170000000e+03 5.1661600000e+01
2.4180000000e+03 5.1716400000e+01
2.4190000000e+03 5.1771200000e+01
2.4200000000e+03 5.1826000000e+01
2.4210000000e+03 5.1880800000e+01
2.4220000000e+03 5.1935600000e+01
2.4230000000e+03 5.1990400000e+01
2.4240000000e+03 5.2045200000e+01
2.4250000000e+03 5.2100000000e+01
2.4260000000e+03 5.2154800000e+01
2.4270000000e+03 5.2209600000e+01
2.4280000000e+03 5.2264400000e+01
2.4290000000e+03 5.2319200000e+01
2.4300000000e+03 5.2374000000e+01
2.4310000000e+03 5.2428800000e+01
2.4320000000e+03 5.2483600000e+01
2.4330000000e+03 5.2538400000e+01
2.4340000000e+03 5.2593200000e+01
2.4350000000e+03 5.2648000000e+01
2.4360000000e+03 5.2702800000e+01
2.4370000000e+03 5.2757600000e+01
2.4380000000e+03 5.2812400000e+01
2.4390000000e+03 5.2867200000e+01
2.4400000000e+03 5.2922000000e+01
2.4410000000e+03 5.2976800000e+01
2.4420000000e+03 5.3031600000e+01
2.4430000000e+03 5.3086400000e+01
2.4440000000e+03 5.3141200000e+01
2.4450000000e+03 5.3196000000e+01
2.4460000000e+03 5.3250800000e+01
2.4470000000e+03 5.3305600000e+01
2.4480000000e+03 5.3360400000e+01
2.4490000000e+03 5.3415200000e+01
2.4500000000e+03 5.3470000000e+01
2.4510000000e+03 5.3450800000e+01
2.4520000000e+03 5.3431600000e+01
2.4530000000e+03 5.3412400000e+01
2.4540000000e+03 5.3393200000e+01
2.4550000000e+03 5.3374000000e+01
2.4560000000e+03 5.3354800000e+01
2.4570000000e+03 5.3335600000e+01
2.4580000000e+03 5.3316400000e+01
2.4590000000e+03 5.3297200000e+01
2.4600000000e+03 5.3278000000e+01
2.4610000000e+03 5.3258800000e+01
2.4620000000e+03 5.3239600000e+01
2.4630000000e+03 5.3220400000e+01
2.4640000000e+03 5.3201200000e+01
2.4650000000e+03 5.3182000000e+01
2.4660000000e+03 5.3162800000e+01
2.4670000000e+03 5.3143600000e+01
2.4680000000e+03 5.3124400000e+01
2.4690000000e+03 5.3105200000e+01
2.4700000000e+03 5.3086000000e+01
2.4710000000e+03 5.3066800000e+01
2.4720000000e+03 5.3047600000e+01
2.4730000000e+03 5.3028400000e+01
2.4740000000e+03 5.3009200000e+01
2.4750000000e+03 5.2990000000e+01
2.4760000000e+03 5.2970800000e+01
2.4770000000e+03 5.2951600000e+01
2.4780000000e+03 5.2932400000e+01
2.4790000000e+03 5.2913200000e+01
2.4800000000e+03 5.2894000000e+01
2.4810000000e+03 5.2874800000e+01
2.4820000000e+03 5.2855600000e+01
2.4830000000e+03 5.2836400000e+01
2.4840000000e+03 5.2817200000e+01
2.4850000000e+03 5.2798000000e+01
2.4860000000e+03 5.2778800000e+01
2.4870000000e+03 5.2759600000e+01
2.4880000000e+03 5.2740400000e+01
2.4890000000e+03 5.2721200000e+01
2.4900000000e+03 5.2702000000e+01
2.4910000000e+03 5.2682800000e+01
2.4920000000e+03 5.2663600000e+01
2.4930000000e+03 5.2644400000e+01
2.4940000000e+03 5.2625200000e+01
2.4950000000e+03 5.2606000000e+01
2.4960000000e+03 5.2586800000e+01
2.4970000000e+03 5.2567600000e+01
2.4980000000e+03 5.2548400000e+01
2.4990000000e+03 5.2529200000e+01
2.5000000000e+03 5.2510000000e+01
2.5010000000e+03 5.2492400000e+01
2.5020000000e+03 5.2474800000e+01
2.5030000000e+03 5.2457200000e+01
2.5040000000e+03 5.2439600000e+01
2.5050000000e+03 5.2422000000e+01
2.5060000000e+03 5.2404400000e+01
2.5070000000e+03 5.2386800000e+01
2.5080000000e+03 5.2369200000e+01
2.5090000000e+03 5.2351600000e+01
2.5100000000e+03 5.2334000000e+01
2.5110000000e+03 5.2316400000e+01
2.5120000000e+03 5.2298800000e+01
2.5130000000e+03 5.2281200000e+01
2.5140000000e+03 5.2263600000e+01
2.5150000000e+03 5.2246000000e+01
2.5160000000e+03 5.2228400000e+01
2.5170000000e+03 5.2210800000e+01
2.5180000000e+03 5.2193200000e+01
2.5190000000e+03 5.2175600000e+01
2.5200000000e+03 5.2158000000e+01
2.5210000000e+03 5.2140400000e+01
2.5220000000e+03 5.2122800000e+01
2.5230000000e+03 5.2105200000e+01
2.5240000000e+03 5.2087600000e+01
2.5250000000e+03 5.2070000000e+01
2.5260000000e+03 5.2052400000e+01
2.5270000000e+03 5.2034800000e+01
2.5280000000e+03 5.2017200000e+01
2.5290000000e+03 5.1999600000e+01
2.5300000000e+03 5.1982000000e+01
2.5310000000e+03 5.1964400000e+01
2.5320000000e+03 5.1946800000e+01
2.5330000000e+03 5.1929200000e+01
2.5340000000e+03 5.1911600000e+01
2.5350000000e+03 5.1894000000e+01
2.5360000000e+03 5.1876400000e+01
2.5370000000e+03 5.1858800000e+01
2.5380000000e+03 5.1841200000e+01
2.5390000000e+03 5.1823600000e+01
2.5400000000e+03 5.1806000000e+01
2.5410000000e+03 5.1788400000e+01
2.5420000000e+03 5.1770800000e+01
2.5430000000e+03 5.1753200000e+01
2.5440000000e+03 5.1735600000e+01
2.5450000000e+03 5.1718000000e+01
2.5460000000e+03 5.1700400000e+01
2.5470000000e+03 5.1682800000e+01
2.5480000000e+03 5.1665200000e+01
2.5490000000e+03 5.1647600000e+01
2.5500000000e+03 5.1630000000e+01
2.5510000000e+03 5.1598800000e+01
2.5520000000e+03 5.1567600000e+01
2.5530000000e+03 5.1536400000e+01
2.5540000000e+03 5.1505200000e+01
2.5550000000e+03 5.1474000000e+01
2.5560000000e+03 5.1442800000e+01
2.5570000000e+03 5.1411600000e+01
2.5580000000e+03 5.1380400000e+01
2.5590000000e+03 5.1349200000e+01
2.5600000000e+03 5.1318000000e+01
2.5610000000e+03 5.1286800000e+01
2.5620000000e+03 5.1255600000e+01
2.5630000000e+03 5.1224400000e+01
2.5640000000e+03 5.1193200000e+01
2.5650000000e+03 5.1162000000e+01
2.5660000000e+03 5.1130800000e+01
2.5670000000e+03 5.1099600000e+01
2.5680000000e+03 5.1068400000e+01
2.5690000000e+03 5.1037200000e+01
2.5700000000e+03 5.1006000000e+01
2.5710000000e+03 5.0974800000e+01
2.5720000000e+03 5.0943600000e+01
2.5730000000e+03 5.0912400000e+01
2.5740000000e+03 5.0881200000e+01
2.5750000000e+03 5.0850000000e+01
2.5760000000e+03 5.0818800000e+01
2.5770000000e+03 5.0787600000e+01
2.5780000000e+03 5.0756400000e+01
2.5790000000e+03 5.0725200000e+01
2.5800000000e+03 5.0694000000e+01
2.5810000000e+03 5.0662800000e+01
2.5820000000e+03 5.0631600000e+01
2.5830000000e+03 5.0600400000e+01
2.5840000000e+03 5.0569200000e+01
2.5850000000e+03 5.0538000000e+01
2.5860000000e+03 5.0506800000e+01
2.5870000000e+03 5.0475600000e+01
2.5880000000e+03 5.0444400000e+01
2.5890000000e+03 5.0413200000e+01
2.5900000000e+03 5.0382000000e+01
2.5910000000e+03 5.0350800000e+01
2.5920000000e+03 5.0319600000e+01
2.5930000000e+03 5.0288400000e+01
2.5940000000e+03 5.0257200000e+01
2.5950000000e+03 5.0226000000e+01
2.5960000000e+03 5.0194800000e+01
2.5970000000e+03 5.0163600000e+01
2.5980000000e+03 5.0132400000e+01
2.5990000000e+03 5.0101200000e+01
2.6000000000e+03 5.0070000000e+01
2.6010000000e+03 4.9982400000e+01
2.6020000000e+03 4.9894800000e+01
2.6030000000e+03 4.9807200000e+01
2.6040000000e+03 4.9719600000e+01
2.6050000000e+03 4.9632000000e+01
2.6060000000e+03 4.9544400000e+01
2.6070000000e+03 4.9456800000e+01
2.6080000000e+03 4.9369200000e+01
2.6090000000e+03 4.9281600000e+01
2.6100000000e+03 4.9194000000e+01
2.6110000000e+03 4.9106400000e+01
2.6120000000e+03 4.9018800000e+01
2.6130000000e+03 4.8931200000e+01
2.6140000000e+03 4.8843600000e+01
2.6150000000e+03 4.8756000000e+01
2.6160000000e+03 4.8668400000e+01
2.6170000000e+03 4.8580800000e+01
2.6180000000e+03 4.8493200000e+01
2.6190000000e+03 4.8405600000e+01
2.6200000000e+03 4.8318000000e+01
2.6210000000e+03 4.8230400000e+01
2.6220000000e+03 4.8142800000e+01
2.6230000000e+03 4.8055200000e+01
2.6240000000e+03 4.7967600000e+01
2.6250000000e+03 4.7880000000e+01
2.6260000000e+03 4.7792400000e+01
2.6270000000e+03 4.7704800000e+01
2.6280000000e+03 4.7617200000e+01
2.6290000000e+03 4.7529600000e+01
2.6300000000e+03 4.7442000000e+01
2.6310000000e+03 4.7354400000e+01
2.6320000000e+03 4.7266800000e+01
2.6330000000e+03 4.7179200000e+01
2.6340000000e+03 4.7091600000e+01
2.6350000000e+03 4.7004000000e+01
2.6360000000e+03 4.6916400000e+01
2.6370000000e+03 4.6828800000e+01
2.6380000000e+03 4.6741200000e+01
2.6390000000e+03 4.6653600000e+01
2.6400000000e+03 4.6566000000e+01
2.6410000000e+03 4.6478400000e+01
2.6420000000e+03 4.6390800000e+01
2.6430000000e+03 4.6303200000e+01
2.6440000000e+03 4.6215600000e+01
2.6450000000e+03 4.6128000000e+01
2.6460000000e+03 4.6040400000e+01
2.6470000000e+03 4.5952800000e+01
2.6480000000e+03 4.5865200000e+01
2.6490000000e+03 4.5777600000e+01
2.6500000000e+03 4.5690000000e+01
2.6510000000e+03 4.5528000000e+01
2.6520000000e+03 4.5366000000e+01
2.6530000000e+03 4.5204000000e+01
2.6540000000e+03 4.5042000000e+01
2.6550000000e+03 4.4880000000e+01
2.6560000000e+03 4.4718000000e+01
2.6570000000e+03 4.4556000000e+01
2.6580000000e+03 4.4394000000e+01
2.6590000000e+03 4.4232000000e+01
2.6600000000e+03 4.4070000000e+01
2.6610000000e+03 4.3908000000e+01
2.6620000000e+03 4.3746000000e+01
2.6630000000e+03 4.3584000000e+01
2.6640000000e+03 4.3422000000e+01
2.6650000000e+03 4.3260000000e+01
2.6660000000e+03 4.3098000000e+01
2.6670000000e+03 4.2936000000e+01
2.6680000000e+03 4.2774000000e+01
2.6690000000e+03 4.2612000000e+01
2.6700000000e+03 4.2450000000e+01
2.6710000000e+03 4.2288000000e+01
2.6720000000e+03 4.2126000000e+01
2.6730000000e+03 4.1964000000e+01
2.6740000000e+03 4.1802000000e+01
2.6750000000e+03 4.1640000000e+01
2.6760000000e+03 4.1478000000e+01
2.6770000000e+03 4.1316000000e+01
2.6780000000e+03 4.1154000000e+01
2.6790000000e+03 4.0992000000e+01
2.6800000000e+03 4.0830000000e+01
2.6810000000e+03 4.0668000000e+01
2.6820000000e+03 4.0506000000e+01
2.6830000000e+03 4.0344000000e+01
2.6840000000e+03 4.0182000000e+01
2.6850000000e+03 4.0020000000e+01
2.6860000000e+03 3.9858000000e+01
2.6870000000e+03 3.9696000000e+01
2.6880000000e+03 3.9534000000e+01
2.6890000000e+03 3.9372000000e+01
2.6900000000e+03 3.9210000000e+01
2.6910000000e+03 3.9048000000e+01
2.6920000000e+03 3.8886000000e+01
2.6930000000e+03 3.8724000000e+01
2.6940000000e+03 3.8562000000e+01
2.6950000000e+03 3.8400000000e+01
2.6960000000e+03 3.8238000000e+01
2.6970000000e+03 3.8076000000e+01
2.6980000000e+03 3.7914000000e+01
2.6990000000e+03 3.7752000000e+01
2.7000000000e+03 3.7590000000e+01
2.7010000000e+03 3.7336200000e+01
2.7020000000e+03 3.7082400000e+01
2.7030000000e+03 3.6828600000e+01
2.7040000000e+03 3.6574800000e+01
2.7050000000e+03 3.6321000000e+01
2.7060000000e+03 3.6067200000e+01
2.7070000000e+03 3.5813400000e+01
2.7080000000e+03 3.5559600000e+01
2.7090000000e+03 3.5305800000e+01
2.7100000000e+03 3.5052000000e+01
2.7110000000e+03 3.4798200000e+01
2.7120000000e+03 3.4544400000e+01
2.7130000000e+03 3.4290600000e+01
2.7140000000e+03 3.4036800000e+01
2.7150000000e+03 3.3783000000e+01
2.7160000000e+03 3.3529200000e+01
2.7170000000e+03 3.3275400000e+01
2.7180000000e+03 3.3021600000e+01
2.7190000000e+03 3.2767800000e+01
2.7200000000e+03 3.2514000000e+01
2.7210000000e+03 3.2260200000e+01
2.7220000000e+03 3.2006400000e+01
2.7230000000e+03 3.1752600000e+01
2.7240000000e+03 3.1498800000e+01
2.7250000000e+03 3.1245000000e+01
2.7260000000e+03 3.0991200000e+01
2.7270000000e+03 3.0737400000e+01
2.7280000000e+03 3.0483600000e+01
2.7290000000e+03 3.0229800000e+01
2.7300000000e+03 2.9976000000e+01
2.7310000000e+03 2.9722200000e+01
2.7320000000e+03 2.9468400000e+01
2.7330000000e+03 2.9214600000e+01
2.7340000000e+03 2.8960800000e+01
2.7350000000e+03 2.8707000000e+01
2.7360000000e+03 2.8453200000e+01
2.7370000000e+03 2.8199400000e+01
2.7380000000e+03 2.7945600000e+01
2.7390000000e+03 2.7691800000e+01
2.7400000000e+03 2.7438000000e+01
2.7410000000e+03 2.7184200000e+01
2.7420000000e+03 2.6930400000e+01
2.7430000000e+03 2.6676600000e+01
2.7440000000e+03 2.6422800000e+01
2.7450000000e+03 2.6169000000e+01
2.7460000000e+03 2.5915200000e+01
2.7470000000e+03 2.5661400000e+01
2.7480000000e+03 2.5407600000e+01
2.7490000000e+03 2.5153800000e+01
2.7500000000e+03 2.4900000000e+01
2.7510000000e+03 2.4618600000e+01
2.7520000000e+03 2.4337200000e+01
2.7530000000e+03 2.4055800000e+01
2.7540000000e+03 2.3774400000e+01
2.7550000000e+03 2.3493000000e+01
2.7560000000e+03 2.3211600000e+01
2.7570000000e+03 2.2930200000e+01
2.7580000000e+03 2.2648800000e+01
2.7590000000e+03 2.2367400000e+01
2.7600000000e+03 2.2086000000e+01
2.7610000000e+03 2.1804600000e+01
2.7620000000e+03 2.1523200000e+01
2.7630000000e+03 2.1241800000e+01
2.7640000000e+03 2.0960400000e+01
2.7650000000e+03 2.0679000000e+01
2.7660000000e+03 2.0397600000e+01
2.7670000000e+03 2.0116200000e+01
2.7680000000e+03 1.9834800000e+01
2.7690000000e+03 1.9553400000e+01
2.7700000000e+03 1.9272000000e+01
2.7710000000e+03 1.8990600000e+01
2.7720000000e+03 1.8709200000e+01
2.7730000000e+03 1.8427800000e+01
2.7740000000e+03 1.8146400000e+01
2.7750000000e+03 1.7865000000e+01
2.7760000000e+03 1.7583600000e+01
2.7770000000e+03 1.7302200000e+01
2.7780000000e+03 1.7020800000e+01
2.7790000000e+03 1.6739400000e+01
2.7800000000e+03 1.6458000000e+01
2.7810000000e+03 1.6176600000e+01
2.7820000000e+03 1.5895200000e+01
2.7830000000e+03 1.5613800000e+01
2.7840000000e+03 1.5332400000e+01
2.7850000000e+03 1.5051000000e+01
2.7860000000e+03 1.4769600000e+01
2.7870000000e+03 1.4488200000e+01
2.7880000000e+03 1.4206800000e+01
2.7890000000e+03 1.3925400000e+01
2.7900000000e+03 1.3644000000e+01
2.7910000000e+03 1.3362600000e+01
2.7920000000e+03 1.3081200000e+01
2.7930000000e+03 1.2799800000e+01
2.7940000000e+03 1.2518400000e+01
2.7950000000e+03 1.2237000000e+01
2.7960000000e+03 1.1955600000e+01
2.7970000000e+03 1.1674200000e+01
2.7980000000e+03 1.1392800000e+01
2.7990000000e+03 1.1111400000e+01
2.8000000000e+03 1.0830000000e+01
2.8010000000e+03 1.0682400000e+01
2.8020000000e+03 1.0534800000e+01
2.8030000000e+03 1.0387200000e+01
2.8040000000e+03 1.0239600000e+01
2.8050000000e+03 1.0092000000e+01
2.8060000000e+03 9.9444000000e+00
2.8070000000e+03 9.7968000000e+00
2.8080000000e+03 9.6492000000e+00
2.8090000000e+03 9.5016000000e+00
2.8100000000e+03 9.3540000000e+00
2.8110000000e+03 9.2064000000e+00
2.8120000000e+03 9.0588000000e+00
2.8130000000e+03 8.9112000000e+00
2.8140000000e+03 8.7636000000e+00
2.8150000000e+03 8.6160000000e+00
2.8160000000e+03 8.4684000000e+00
2.8170000000e+03 8.3208000000e+00
2.8180000000e+03 8.1732000000e+00
2.8190000000e+03 8.0256000000e+00
2.8200000000e+03 7.8780000000e+00
2.8210000000e+03 7.7304000000e+00
2.8220000000e+03 7.5828000000e+00
2.8230000000e+03 7.4352000000e+00
2.8240000000e+03 7.2876000000e+00
2.8250000000e+03 7.1400000000e+00
2.8260000000e+03 6.9924000000e+00
2.8270000000e+03 6.8448000000e+00
2.8280000000e+03 6.6972000000e+00
2.8290000000e+03 6.5496000000e+00
2.8300000000e+03 6.4020000000e+00
2.8310000000e+03 6.2544000000e+00
2.8320000000e+03 6.1068000000e+00
2.8330000000e+03 5.9592000000e+00
2.8340000000e+03 5.8116000000e+00
2.8350000000e+03 5.6640000000e+00
2.8360000000e+03 5.5164000000e+00
2.8370000000e+03 5.3688000000e+00
2.8380000000e+03 5.2212000000e+00
2.8390000000e+03 5.0736000000e+00
2.8400000000e+03 4.9260000000e+00
2.8410000000e+03 4.7784000000e+00
2.8420000000e+03 4.6308000000e+00
2.8430000000e+03 4.4832000000e+00
2.8440000000e+03 4.3356000000e+00
2.8450000000e+03 4.1880000000e+00
2.8460000000e+03 4.0404000000e+00
2.8470000000e+03 3.8928000000e+00
2.8480000000e+03 3.7452000000e+00
2.8490000000e+03 3.5976000000e+00
2.8500000000e+03 3.4500000000e+00
2.8510000000e+03 3.4060000000e+00
2.8520000000e+03 3.3620000000e+00
2.8530000000e+03 3.3180000000e+00
2.8540000000e+03 3.2740000000e+00
2.8550000000e+03 3.2300000000e+00
2.8560000000e+03 3.1860000000e+00
2.8570000000e+03 3.1420000000e+00
2.8580000000e+03 3.0980000000e+00
2.8590000000e+03 3.0540000000e+00
2.8600000000e+03 3.0100000000e+00
2.8610000000e+03 2.9660000000e+00
2.8620000000e+03 2.9220000000e+00
2.8630000000e+03 2.8780000000e+00
2.8640000000e+03 2.8340000000e+00
2.8650000000e+03 2.7900000000e+00
2.8660000000e+03 2.7460000000e+00
2.8670000000e+03 2.7020000000e+00
2.8680000000e+03 2.6580000000e+00
2.8690000000e+03 2.6140000000e+00
2.8700000000e+03 2.5700000000e+00
2.8710000000e+03 2.5260000000e+00
2.8720000000e+03 2.4820000000e+00
2.8730000000e+03 2.4380000000e+00
2.8740000000e+03 2.3940000000e+00
2.8750000000e+03 2.3500000000e+00
2.8760000000e+03 2.3060000000e+00
2.8770000000e+03 2.2620000000e+00
2.8780000000e+03 2.2180000000e+00
2.8790000000e+03 2.1740000000e+00
2.8800000000e+03 2.1300000000e+00
2.8810000000e+03 2.0860000000e+00
2.8820000000e+03 2.0420000000e+00
2.8830000000e+03 1.9980000000e+00
2.8840000000e+03 1.9540000000e+00
2.8850000000e+03 1.9100000000e+00
2.8860000000e+03 1.8660000000e+00
2.8870000000e+03 1.8220000000e+00
2.8880000000e+03 1.7780000000e+00
2.8890000000e+03 1.7340000000e+00
2.8900000000e+03 1.6900000000e+00
2.8910000000e+03 1.6460000000e+00
2.8920000000e+03 1.6020000000e+00
2.8930000000e+03 1.5580000000e+00
2.8940000000e+03 1.5140000000e+00
2.8950000000e+03 1.4700000000e+00
2.8960000000e+03 1.4260000000e+00
2.8970000000e+03 1.3820000000e+00
2.8980000000e+03 1.3380000000e+00
2.8990000000e+03 1.2940000000e+00
2.9000000000e+03 1.2500000000e+00
2.9010000000e+03 1.2522000000e+00
2.9020000000e+03 1.2544000000e+00
2.9030000000e+03 1.2566000000e+00
2.9040000000e+03 1.2588000000e+00
2.9050000000e+03 1.2610000000e+00
2.9060000000e+03 1.2632000000e+00
2.9070000000e+03 1.2654000000e+00
2.9080000000e+03 1.2676000000e+00
2.9090000000e+03 1.2698000000e+00
2.9100000000e+03 1.2720000000e+00
2.9110000000e+03 1.2742000000e+00
2.9120000000e+03 1.2764000000e+00
2.9130000000e+03 1.2786000000e+00
2.9140000000e+03 1.2808000000e+00
2.9150000000e+03 1.2830000000e+00
2.9160000000e+03 1.2852000000e+00
2.9170000000e+03 1.2874000000e+00
2.9180000000e+03 1.2896000000e+00
2.9190000000e+03 1.2918000000e+00
2.9200000000e+03 1.2940000000e+00
2.9210000000e+03 1.2962000000e+00
2.9220000000e+03 1.2984000000e+00
2.9230000000e+03 1.3006000000e+00
2.9240000000e+03 1.3028000000e+00
2.9250000000e+03 1.3050000000e+00
2.9260000000e+03 1.3072000000e+00
2.9270000000e+03 1.3094000000e+00
2.9280000000e+03 1.3116000000e+00
2.9290000000e+03 1.3138000000e+00
2.9300000000e+03 1.3160000000e+00
2.9310000000e+03 1.3182000000e+00
2.9320000000e+03 1.3204000000e+00
2.9330000000e+03 1.3226000000e+00
2.9340000000e+03 1.3248000000e+00
2.9350000000e+03 1.3270000000e+00
2.9360000000e+03 1.3292000000e+00
2.9370000000e+03 1.3314000000e+00
2.9380000000e+03 1.3336000000e+00
2.9390000000e+03 1.3358000000e+00
2.9400000000e+03 1.3380000000e+00
2.9410000000e+03 1.3402000000e+00
2.9420000000e+03 1.3424000000e+00
2.9430000000e+03 1.3446000000e+00
2.9440000000e+03 1.3468000000e+00
2.9450000000e+03 1.3490000000e+00
2.9460000000e+03 1.3512000000e+00
2.9470000000e+03 1.3534000000e+00
2.9480000000e+03 1.3556000000e+00
2.9490000000e+03 1.3578000000e+00
2.9500000000e+03 1.3600000000e+00
2.9510000000e+03 1.3698000000e+00
2.9520000000e+03 1.3796000000e+00
2.9530000000e+03 1.3894000000e+00
2.9540000000e+03 1.3992000000e+00
2.9550000000e+03 1.4090000000e+00
2.9560000000e+03 1.4188000000e+00
2.9570000000e+03 1.4286000000e+00
2.9580000000e+03 1.4384000000e+00
2.9590000000e+03 1.4482000000e+00
2.9600000000e+03 1.4580000000e+00
2.9610000000e+03 1.4678000000e+00
2.9620000000e+03 1.4776000000e+00
2.9630000000e+03 1.4874000000e+00
2.9640000000e+03 1.4972000000e+00
2.9650000000e+03 1.5070000000e+00
2.9660000000e+03 1.5168000000e+00
2.9670000000e+03 1.5266000000e+00
2.9680000000e+03 1.5364000000e+00
2.9690000000e+03 1.5462000000e+00
2.9700000000e+03 1.5560000000e+00
2.9710000000e+03 1.5658000000e+00
2.9720000000e+03 1.5756000000e+00
2.9730000000e+03 1.5854000000e+00
2.9740000000e+03 1.5952000000e+00
2.9750000000e+03 1.6050000000e+00
2.9760000000e+03 1.6148000000e+00
2.9770000000e+03 1.6246000000e+00
2.9780000000e+03 1.6344000000e+00
2.9790000000e+03 1.6442000000e+00
2.9800000000e+03 1.6540000000e+00
2.9810000000e+03 1.6638000000e+00
2.9820000000e+03 1.6736000000e+00
2.9830000000e+03 1.6834000000e+00
2.9840000000e+03 1.6932000000e+00
2.9850000000e+03 1.7030000000e+00
2.9860000000e+03 1.7128000000e+00
2.9870000000e+03 1.7226000000e+00
2.9880000000e+03 1.7324000000e+00
2.9890000000e+03 1.7422000000e+00
2.9900000000e+03 1.7520000000e+00
2.9910000000e+03 1.7618000000e+00
2.9920000000e+03 1.7716000000e+00
2.9930000000e+03 1.7814000000e+00
2.9940000000e+03 1.7912000000e+00
2.9950000000e+03 1.8010000000e+00
2.9960000000e+03 1.8108000000e+00
2.9970000000e+03 1.8206000000e+00
2.9980000000e+03 1.8304000000e+00
2.9990000000e+03 1.8402000000e+00
3.0000000000e+03 1.8500000000e+00
3.0010000000e+03 1.6650000000e+00
3.0020000000e+03 1.4800000000e+00
3.0030000000e+03 1.2950000000e+00
3.0040000000e+03 1.1100000000e+00
3.0050000000e+03 9.2500000000e-01
3.0060000000e+03 7.4000000000e-01
3.0070000000e+03 5.5500000000e-01
3.0080000000e+03 3.7000000000e-01
3.0090000000e+03 1.8500000000e-01
3.0100000000e+03 0.0000000000e+00
