# photband: HST_ACS_WFC_F606W
# source: SVO Filter Profile Service
# svo_id: HST/ACS_WFC.F606W
# detector_type: 1
# response_type: photon
# components: Filter + CCD + Instrument
# profile_reference: https://stsynphot.readthedocs.io/en/latest/stsynphot/appendixb.html
# wavelength_unit: Angstrom
# columns: wavelength transmission
4.5690000000e+03 9.6676400000e-05
4.5700000000e+03 1.0671000000e-04
4.5710000000e+03 1.1673000000e-04
4.5720000000e+03 1.2674900000e-04
4.5730000000e+03 1.3676500000e-04
4.5740000000e+03 1.4677900000e-04
4.5750000000e+03 1.5679000000e-04
4.5760000000e+03 1.6679900000e-04
4.5770000000e+03 1.7680600000e-04
4.5780000000e+03 1.8681100000e-04
4.5790000000e+03 1.9681400000e-04
4.5800000000e+03 2.0681400000e-04
4.5810000000e+03 2.1680800000e-04
4.5820000000e+03 2.2679900000e-04
4.5830000000e+03 2.3678800000e-04
4.5840000000e+03 2.4677400000e-04
4.5850000000e+03 2.5675800000e-04
4.5860000000e+03 2.6673900000e-04
4.5870000000e+03 2.7671700000e-04
4.5880000000e+03 2.8669200000e-04
4.5890000000e+03 2.9666600000e-04
4.5900000000e+03 3.0663600000e-04
4.5910000000e+03 3.1664400000e-04
4.5920000000e+03 3.2665200000e-04
4.5930000000e+03 3.3666000000e-04
4.5940000000e+03 3.4666700000e-04
4.5950000000e+03 3.5667600000e-04
4.5960000000e+03 3.6668400000e-04
4.5970000000e+03 3.7669100000e-04
4.5980000000e+03 3.8669800000e-04
4.5990000000e+03 3.9670500000e-04
4.6000000000e+03 4.0671300000e-04
4.6010000000e+03 5.0973900000e-04
4.6020000000e+03 6.1275000000e-04
4.6030000000e+03 7.1574800000e-04
4.6040000000e+03 8.1873000000e-04
4.6050000000e+03 9.2169900000e-04
4.6060000000e+03 1.0246500000e-03
4.6070000000e+03 1.1275900000e-03
4.6080000000e+03 1.2305200000e-03
4.6090000000e+03 1.3334300000e-03
4.6100000000e+03 1.4363300000e-03
4.6110000000e+03 1.5391100000e-03
4.6120000000e+03 1.6418600000e-03
4.6130000000e+03 1.7445800000e-03
4.6140000000e+03 1.8472800000e-03
4.6150000000e+03 1.9499500000e-03
4.6160000000e+03 2.0525900000e-03
4.6170000000e+03 2.1551900000e-03
4.6180000000e+03 2.2577800000e-03
4.6190000000e+03 2.3603300000e-03
4.6200000000e+03 2.4628600000e-03
4.6210000000e+03 2.8265900000e-03
4.6220000000e+03 3.1903100000e-03
4.6230000000e+03 3.5540500000e-03
4.6240000000e+03 3.9178000000e-03
4.6250000000e+03 4.2815300000e-03
4.6260000000e+03 4.6452800000e-03
4.6270000000e+03 5.0090100000e-03
4.6280000000e+03 5.3727500000e-03
4.6290000000e+03 5.7365100000e-03
4.6300000000e+03 6.1002600000e-03
4.6310000000e+03 6.2540400000e-03
4.6320000000e+03 6.4077900000e-03
4.6330000000e+03 6.5614900000e-03
4.6340000000e+03 6.7151800000e-03
4.6350000000e+03 6.8688300000e-03
4.6360000000e+03 7.0224200000e-03
4.6370000000e+03 7.1759900000e-03
4.6380000000e+03 7.3295300000e-03
4.6390000000e+03 7.4830200000e-03
4.6400000000e+03 7.6365000000e-03
4.6410000000e+03 8.4594200000e-03
4.6420000000e+03 9.2822200000e-03
4.6430000000e+03 1.0104900000e-02
4.6440000000e+03 1.0927500000e-02
4.6450000000e+03 1.1750000000e-02
4.6460000000e+03 1.2572400000e-02
4.6470000000e+03 1.3394600000e-02
4.6480000000e+03 1.4216800000e-02
4.6490000000e+03 1.5038800000e-02
4.6500000000e+03 1.5860700000e-02
4.6510000000e+03 1.8326200000e-02
4.6520000000e+03 2.0791500000e-02
4.6530000000e+03 2.3256500000e-02
4.6540000000e+03 2.5721200000e-02
4.6550000000e+03 2.8185800000e-02
4.6560000000e+03 3.0650000000e-02
4.6570000000e+03 3.3114000000e-02
4.6580000000e+03 3.5577700000e-02
4.6590000000e+03 3.8041300000e-02
4.6600000000e+03 4.0504500000e-02
4.6610000000e+03 4.1038300000e-02
4.6620000000e+03 4.1571900000e-02
4.6630000000e+03 4.2105600000e-02
4.6640000000e+03 4.2639200000e-02
4.6650000000e+03 4.3172800000e-02
4.6660000000e+03 4.3706400000e-02
4.6670000000e+03 4.4239900000e-02
4.6680000000e+03 4.4773400000e-02
4.6690000000e+03 4.5306800000e-02
4.6700000000e+03 4.5840300000e-02
4.6710000000e+03 4.6181300000e-02
4.6720000000e+03 4.6522200000e-02
4.6730000000e+03 4.6863100000e-02
4.6740000000e+03 4.7203900000e-02
4.6750000000e+03 4.7544700000e-02
4.6760000000e+03 4.7885500000e-02
4.6770000000e+03 4.8226200000e-02
4.6780000000e+03 4.8566900000e-02
4.6790000000e+03 4.8907500000e-02
4.6800000000e+03 4.9248100000e-02
4.6810000000e+03 5.3840800000e-02
4.6820000000e+03 5.8433400000e-02
4.6830000000e+03 6.3025500000e-02
4.6840000000e+03 6.7617000000e-02
4.6850000000e+03 7.2208300000e-02
4.6860000000e+03 7.6799100000e-02
4.6870000000e+03 8.1389500000e-02
4.6880000000e+03 8.5979500000e-02
4.6890000000e+03 9.0569000000e-02
4.6900000000e+03 9.5158200000e-02
4.6910000000e+03 9.7892500000e-02
4.6920000000e+03 1.0062600000e-01
4.6930000000e+03 1.0336000000e-01
4.6940000000e+03 1.0609400000e-01
4.6950000000e+03 1.0882700000e-01
4.6960000000e+03 1.1156000000e-01
4.6970000000e+03 1.1429300000e-01
4.6980000000e+03 1.1702600000e-01
4.6990000000e+03 1.1975800000e-01
4.7000000000e+03 1.2249100000e-01
4.7010000000e+03 1.2015700000e-01
4.7020000000e+03 1.1782300000e-01
4.7030000000e+03 1.1548900000e-01
4.7040000000e+03 1.1315600000e-01
4.7050000000e+03 1.1082200000e-01
4.7060000000e+03 1.0848800000e-01
4.7070000000e+03 1.0615400000e-01
4.7080000000e+03 1.0382000000e-01
4.7090000000e+03 1.0148600000e-01
4.7100000000e+03 9.9151500000e-02
4.7110000000e+03 1.0137400000e-01
4.7120000000e+03 1.0359500000e-01
4.7130000000e+03 1.0581600000e-01
4.7140000000e+03 1.0803700000e-01
4.7150000000e+03 1.1025700000e-01
4.7160000000e+03 1.1247600000e-01
4.7170000000e+03 1.1469400000e-01
4.7180000000e+03 1.1691100000e-01
4.7190000000e+03 1.1912800000e-01
4.7200000000e+03 1.2134500000e-01
4.7210000000e+03 1.2815600000e-01
4.7220000000e+03 1.3496800000e-01
4.7230000000e+03 1.4177900000e-01
4.7240000000e+03 1.4859000000e-01
4.7250000000e+03 1.5540100000e-01
4.7260000000e+03 1.6221200000e-01
4.7270000000e+03 1.6902200000e-01
4.7280000000e+03 1.7583300000e-01
4.7290000000e+03 1.8264300000e-01
4.7300000000e+03 1.8945400000e-01
4.7310000000e+03 1.8914600000e-01
4.7320000000e+03 1.8883800000e-01
4.7330000000e+03 1.8853100000e-01
4.7340000000e+03 1.8822400000e-01
4.7350000000e+03 1.8791600000e-01
4.7360000000e+03 1.8760900000e-01
4.7370000000e+03 1.8730200000e-01
4.7380000000e+03 1.8699500000e-01
4.7390000000e+03 1.8668700000e-01
4.7400000000e+03 1.8638000000e-01
4.7410000000e+03 1.8341500000e-01
4.7420000000e+03 1.8045000000e-01
4.7430000000e+03 1.7748600000e-01
4.7440000000e+03 1.7452300000e-01
4.7450000000e+03 1.7156000000e-01
4.7460000000e+03 1.6859700000e-01
4.7470000000e+03 1.6563600000e-01
4.7480000000e+03 1.6267500000e-01
4.7490000000e+03 1.5971500000e-01
4.7500000000e+03 1.5675500000e-01
4.7510000000e+03 1.6057800000e-01
4.7520000000e+03 1.6440100000e-01
4.7530000000e+03 1.6822400000e-01
4.7540000000e+03 1.7204700000e-01
4.7550000000e+03 1.7587100000e-01
4.7560000000e+03 1.7969600000e-01
4.7570000000e+03 1.8352000000e-01
4.7580000000e+03 1.8734500000e-01
4.7590000000e+03 1.9117000000e-01
4.7600000000e+03 1.9499500000e-01
4.7610000000e+03 2.0280700000e-01
4.7620000000e+03 2.1061800000e-01
4.7630000000e+03 2.1842900000e-01
4.7640000000e+03 2.2623800000e-01
4.7650000000e+03 2.3404600000e-01
4.7660000000e+03 2.4185500000e-01
4.7670000000e+03 2.4966200000e-01
4.7680000000e+03 2.5746800000e-01
4.7690000000e+03 2.6527400000e-01
4.7700000000e+03 2.7307800000e-01
4.7710000000e+03 2.7142400000e-01
4.7720000000e+03 2.6977100000e-01
4.7730000000e+03 2.6811700000e-01
4.7740000000e+03 2.6646300000e-01
4.7750000000e+03 2.6480900000e-01
4.7760000000e+03 2.6315500000e-01
4.7770000000e+03 2.6150100000e-01
4.7780000000e+03 2.5984600000e-01
4.7790000000e+03 2.5819200000e-01
4.7800000000e+03 2.5653700000e-01
4.7810000000e+03 2.5250400000e-01
4.7820000000e+03 2.4847200000e-01
4.7830000000e+03 2.4444000000e-01
4.7840000000e+03 2.4040800000e-01
4.7850000000e+03 2.3637700000e-01
4.7860000000e+03 2.3234600000e-01
4.7870000000e+03 2.2831600000e-01
4.7880000000e+03 2.2428600000e-01
4.7890000000e+03 2.2025700000e-01
4.7900000000e+03 2.1622800000e-01
4.7910000000e+03 2.1968900000e-01
4.7920000000e+03 2.2314900000e-01
4.7930000000e+03 2.2660900000e-01
4.7940000000e+03 2.3007000000e-01
4.7950000000e+03 2.3352900000e-01
4.7960000000e+03 2.3698900000e-01
4.7970000000e+03 2.4044900000e-01
4.7980000000e+03 2.4390700000e-01
4.7990000000e+03 2.4736700000e-01
4.8000000000e+03 2.5082600000e-01
4.8010000000e+03 2.5732800000e-01
4.8020000000e+03 2.6383000000e-01
4.8030000000e+03 2.7033300000e-01
4.8040000000e+03 2.7683600000e-01
4.8050000000e+03 2.8333900000e-01
4.8060000000e+03 2.8984200000e-01
4.8070000000e+03 2.9634600000e-01
4.8080000000e+03 3.0285000000e-01
4.8090000000e+03 3.0935400000e-01
4.8100000000e+03 3.1585900000e-01
4.8110000000e+03 3.1501800000e-01
4.8120000000e+03 3.1417700000e-01
4.8130000000e+03 3.1333700000e-01
4.8140000000e+03 3.1249600000e-01
4.8150000000e+03 3.1165600000e-01
4.8160000000e+03 3.1081500000e-01
4.8170000000e+03 3.0997500000e-01
4.8180000000e+03 3.0913400000e-01
4.8190000000e+03 3.0829400000e-01
4.8200000000e+03 3.0745300000e-01
4.8210000000e+03 3.0799300000e-01
4.8220000000e+03 3.0853300000e-01
4.8230000000e+03 3.0907300000e-01
4.8240000000e+03 3.0961400000e-01
4.8250000000e+03 3.1015400000e-01
4.8260000000e+03 3.1069400000e-01
4.8270000000e+03 3.1123500000e-01
4.8280000000e+03 3.1177500000e-01
4.8290000000e+03 3.1231500000e-01
4.8300000000e+03 3.1285600000e-01
4.8310000000e+03 3.1487800000e-01
4.8320000000e+03 3.1689900000e-01
4.8330000000e+03 3.1892200000e-01
4.8340000000e+03 3.2094300000e-01
4.8350000000e+03 3.2296600000e-01
4.8360000000e+03 3.2498800000e-01
4.8370000000e+03 3.2701100000e-01
4.8380000000e+03 3.2903400000e-01
4.8390000000e+03 3.3105800000e-01
4.8400000000e+03 3.3308200000e-01
4.8410000000e+03 3.3443000000e-01
4.8420000000e+03 3.3577700000e-01
4.8430000000e+03 3.3712400000e-01
4.8440000000e+03 3.3847100000e-01
4.8450000000e+03 3.3981800000e-01
4.8460000000e+03 3.4116500000e-01
4.8470000000e+03 3.4251200000e-01
4.8480000000e+03 3.4385800000e-01
4.8490000000e+03 3.4520500000e-01
4.8500000000e+03 3.4655100000e-01
4.8510000000e+03 3.4601800000e-01
4.8520000000e+03 3.4548600000e-01
4.8530000000e+03 3.4495300000e-01
4.8540000000e+03 3.4442100000e-01
4.8550000000e+03 3.4388800000e-01
4.8560000000e+03 3.4335500000e-01
4.8570000000e+03 3.4282300000e-01
4.8580000000e+03 3.4229100000e-01
4.8590000000e+03 3.4175900000e-01
4.8600000000e+03 3.4122600000e-01
4.8610000000e+03 3.4170500000e-01
4.8620000000e+03 3.4218400000e-01
4.8630000000e+03 3.4266200000e-01
4.8640000000e+03 3.4314100000e-01
4.8650000000e+03 3.4362100000e-01
4.8660000000e+03 3.4409900000e-01
4.8670000000e+03 3.4457900000e-01
4.8680000000e+03 3.4505800000e-01
4.8690000000e+03 3.4553800000e-01
4.8700000000e+03 3.4601700000e-01
4.8710000000e+03 3.4677600000e-01
4.8720000000e+03 3.4753400000e-01
4.8730000000e+03 3.4829300000e-01
4.8740000000e+03 3.4905200000e-01
4.8750000000e+03 3.4981100000e-01
4.8760000000e+03 3.5057000000e-01
4.8770000000e+03 3.5132800000e-01
4.8780000000e+03 3.5208600000e-01
4.8790000000e+03 3.5284500000e-01
4.8800000000e+03 3.5360400000e-01
4.8810000000e+03 3.5048000000e-01
4.8820000000e+03 3.4735500000e-01
4.8830000000e+03 3.4423100000e-01
4.8840000000e+03 3.4110700000e-01
4.8850000000e+03 3.3798200000e-01
4.8860000000e+03 3.3485800000e-01
4.8870000000e+03 3.3173400000e-01
4.8880000000e+03 3.2860900000e-01
4.8890000000e+03 3.2548400000e-01
4.8900000000e+03 3.2236000000e-01
4.8910000000e+03 3.2027300000e-01
4.8920000000e+03 3.1818600000e-01
4.8930000000e+03 3.1609900000e-01
4.8940000000e+03 3.1401100000e-01
4.8950000000e+03 3.1192200000e-01
4.8960000000e+03 3.0983300000e-01
4.8970000000e+03 3.0774400000e-01
4.8980000000e+03 3.0565400000e-01
4.8990000000e+03 3.0356400000e-01
4.9000000000e+03 3.0147300000e-01
4.9010000000e+03 3.0137600000e-01
4.9020000000e+03 3.0127800000e-01
4.9030000000e+03 3.0118000000e-01
4.9040000000e+03 3.0108300000e-01
4.9050000000e+03 3.0098600000e-01
4.9060000000e+03 3.0088900000e-01
4.9070000000e+03 3.0079100000e-01
4.9080000000e+03 3.0069300000e-01
4.9090000000e+03 3.0059600000e-01
4.9100000000e+03 3.0049900000e-01
4.9110000000e+03 3.0145200000e-01
4.9120000000e+03 3.0240600000e-01
4.9130000000e+03 3.0336000000e-01
4.9140000000e+03 3.0431400000e-01
4.9150000000e+03 3.0526800000e-01
4.9160000000e+03 3.0622200000e-01
4.9170000000e+03 3.0717800000e-01
4.9180000000e+03 3.0813200000e-01
4.9190000000e+03 3.0908700000e-01
4.9200000000e+03 3.1004300000e-01
4.9210000000e+03 3.1204100000e-01
4.9220000000e+03 3.1403900000e-01
4.9230000000e+03 3.1603700000e-01
4.9240000000e+03 3.1803500000e-01
4.9250000000e+03 3.2003400000e-01
4.9260000000e+03 3.2203200000e-01
4.9270000000e+03 3.2403100000e-01
4.9280000000e+03 3.2602900000e-01
4.9290000000e+03 3.2802900000e-01
4.9300000000e+03 3.3002800000e-01
4.9310000000e+03 3.3237300000e-01
4.9320000000e+03 3.3471900000e-01
4.9330000000e+03 3.3706600000e-01
4.9340000000e+03 3.3941300000e-01
4.9350000000e+03 3.4176100000e-01
4.9360000000e+03 3.4410800000e-01
4.9370000000e+03 3.4645700000e-01
4.9380000000e+03 3.4880600000e-01
4.9390000000e+03 3.5115500000e-01
4.9400000000e+03 3.5350400000e-01
4.9410000000e+03 3.5450900000e-01
4.9420000000e+03 3.5551400000e-01
4.9430000000e+03 3.5651800000e-01
4.9440000000e+03 3.5752300000e-01
4.9450000000e+03 3.5852800000e-01
4.9460000000e+03 3.5953600000e-01
4.9470000000e+03 3.6054100000e-01
4.9480000000e+03 3.6154600000e-01
4.9490000000e+03 3.6255300000e-01
4.9500000000e+03 3.6356000000e-01
4.9510000000e+03 3.6190300000e-01
4.9520000000e+03 3.6024600000e-01
4.9530000000e+03 3.5858800000e-01
4.9540000000e+03 3.5693100000e-01
4.9550000000e+03 3.5527500000e-01
4.9560000000e+03 3.5361800000e-01
4.9570000000e+03 3.5196200000e-01
4.9580000000e+03 3.5030600000e-01
4.9590000000e+03 3.4865000000e-01
4.9600000000e+03 3.4699400000e-01
4.9610000000e+03 3.4465400000e-01
4.9620000000e+03 3.4231200000e-01
4.9630000000e+03 3.3997000000e-01
4.9640000000e+03 3.3762700000e-01
4.9650000000e+03 3.3528400000e-01
4.9660000000e+03 3.3294000000e-01
4.9670000000e+03 3.3059500000e-01
4.9680000000e+03 3.2825000000e-01
4.9690000000e+03 3.2590500000e-01
4.9700000000e+03 3.2355800000e-01
4.9710000000e+03 3.2458700000e-01
4.9720000000e+03 3.2561600000e-01
4.9730000000e+03 3.2664500000e-01
4.9740000000e+03 3.2767500000e-01
4.9750000000e+03 3.2870400000e-01
4.9760000000e+03 3.2973400000e-01
4.9770000000e+03 3.3076400000e-01
4.9780000000e+03 3.3179400000e-01
4.9790000000e+03 3.3282400000e-01
4.9800000000e+03 3.3385500000e-01
4.9810000000e+03 3.3641100000e-01
4.9820000000e+03 3.3896600000e-01
4.9830000000e+03 3.4152200000e-01
4.9840000000e+03 3.4407700000e-01
4.9850000000e+03 3.4663400000e-01
4.9860000000e+03 3.4919000000e-01
4.9870000000e+03 3.5174600000e-01
4.9880000000e+03 3.5430300000e-01
4.9890000000e+03 3.5686000000e-01
4.9900000000e+03 3.5941700000e-01
4.9910000000e+03 3.6042500000e-01
4.9920000000e+03 3.6143300000e-01
4.9930000000e+03 3.6244300000e-01
4.9940000000e+03 3.6345200000e-01
4.9950000000e+03 3.6446100000e-01
4.9960000000e+03 3.6547100000e-01
4.9970000000e+03 3.6648100000e-01
4.9980000000e+03 3.6749100000e-01
4.9990000000e+03 3.6850100000e-01
5.0000000000e+03 3.6951200000e-01
5.0010000000e+03 3.7019800000e-01
5.0020000000e+03 3.7088200000e-01
5.0030000000e+03 3.7156800000e-01
5.0040000000e+03 3.7225200000e-01
5.0050000000e+03 3.7293700000e-01
5.0060000000e+03 3.7362300000e-01
5.0070000000e+03 3.7430800000e-01
5.0080000000e+03 3.7499400000e-01
5.0090000000e+03 3.7568000000e-01
5.0100000000e+03 3.7636500000e-01
5.0110000000e+03 3.7540200000e-01
5.0120000000e+03 3.7443900000e-01
5.0130000000e+03 3.7347600000e-01
5.0140000000e+03 3.7251200000e-01
5.0150000000e+03 3.7154900000e-01
5.0160000000e+03 3.7058600000e-01
5.0170000000e+03 3.6962100000e-01
5.0180000000e+03 3.6865600000e-01
5.0190000000e+03 3.6769200000e-01
5.0200000000e+03 3.6672600000e-01
5.0210000000e+03 3.6454000000e-01
5.0220000000e+03 3.6235400000e-01
5.0230000000e+03 3.6016800000e-01
5.0240000000e+03 3.5798000000e-01
5.0250000000e+03 3.5579300000e-01
5.0260000000e+03 3.5360400000e-01
5.0270000000e+03 3.5141600000e-01
5.0280000000e+03 3.4922700000e-01
5.0290000000e+03 3.4703800000e-01
5.0300000000e+03 3.4484800000e-01
5.0310000000e+03 3.4236600000e-01
5.0320000000e+03 3.3988300000e-01
5.0330000000e+03 3.3740000000e-01
5.0340000000e+03 3.3491600000e-01
5.0350000000e+03 3.3243200000e-01
5.0360000000e+03 3.2994600000e-01
5.0370000000e+03 3.2746000000e-01
5.0380000000e+03 3.2497500000e-01
5.0390000000e+03 3.2248700000e-01
5.0400000000e+03 3.1999900000e-01
5.0410000000e+03 3.1915600000e-01
5.0420000000e+03 3.1831100000e-01
5.0430000000e+03 3.1746700000e-01
5.0440000000e+03 3.1662200000e-01
5.0450000000e+03 3.1577700000e-01
5.0460000000e+03 3.1493200000e-01
5.0470000000e+03 3.1408700000e-01
5.0480000000e+03 3.1324100000e-01
5.0490000000e+03 3.1239400000e-01
5.0500000000e+03 3.1154800000e-01
5.0510000000e+03 3.1166500000e-01
5.0520000000e+03 3.1178200000e-01
5.0530000000e+03 3.1190000000e-01
5.0540000000e+03 3.1201700000e-01
5.0550000000e+03 3.1213400000e-01
5.0560000000e+03 3.1225100000e-01
5.0570000000e+03 3.1236900000e-01
5.0580000000e+03 3.1248600000e-01
5.0590000000e+03 3.1260300000e-01
5.0600000000e+03 3.1272100000e-01
5.0610000000e+03 3.1667300000e-01
5.0620000000e+03 3.2062500000e-01
5.0630000000e+03 3.2458000000e-01
5.0640000000e+03 3.2853400000e-01
5.0650000000e+03 3.3249000000e-01
5.0660000000e+03 3.3644700000e-01
5.0670000000e+03 3.4040500000e-01
5.0680000000e+03 3.4436400000e-01
5.0690000000e+03 3.4832300000e-01
5.0700000000e+03 3.5228400000e-01
5.0710000000e+03 3.5270100000e-01
5.0720000000e+03 3.5311700000e-01
5.0730000000e+03 3.5353400000e-01
5.0740000000e+03 3.5395000000e-01
5.0750000000e+03 3.5436700000e-01
5.0760000000e+03 3.5478300000e-01
5.0770000000e+03 3.5520000000e-01
5.0780000000e+03 3.5561800000e-01
5.0790000000e+03 3.5603400000e-01
5.0800000000e+03 3.5645100000e-01
5.0810000000e+03 3.5807200000e-01
5.0820000000e+03 3.5969400000e-01
5.0830000000e+03 3.6131600000e-01
5.0840000000e+03 3.6293800000e-01
5.0850000000e+03 3.6456100000e-01
5.0860000000e+03 3.6618300000e-01
5.0870000000e+03 3.6780600000e-01
5.0880000000e+03 3.6942900000e-01
5.0890000000e+03 3.7105300000e-01
5.0900000000e+03 3.7267600000e-01
5.0910000000e+03 3.6997600000e-01
5.0920000000e+03 3.6727600000e-01
5.0930000000e+03 3.6457500000e-01
5.0940000000e+03 3.6187300000e-01
5.0950000000e+03 3.5916900000e-01
5.0960000000e+03 3.5646500000e-01
5.0970000000e+03 3.5376100000e-01
5.0980000000e+03 3.5105600000e-01
5.0990000000e+03 3.4835000000e-01
5.1000000000e+03 3.4564200000e-01
5.1010000000e+03 3.4588000000e-01
5.1020000000e+03 3.4611900000e-01
5.1030000000e+03 3.4635700000e-01
5.1040000000e+03 3.4659500000e-01
5.1050000000e+03 3.4683300000e-01
5.1060000000e+03 3.4707200000e-01
5.1070000000e+03 3.4731100000e-01
5.1080000000e+03 3.4754900000e-01
5.1090000000e+03 3.4778700000e-01
5.1100000000e+03 3.4802500000e-01
5.1110000000e+03 3.4773100000e-01
5.1120000000e+03 3.4743600000e-01
5.1130000000e+03 3.4714100000e-01
5.1140000000e+03 3.4684700000e-01
5.1150000000e+03 3.4655200000e-01
5.1160000000e+03 3.4625700000e-01
5.1170000000e+03 3.4596100000e-01
5.1180000000e+03 3.4566600000e-01
5.1190000000e+03 3.4537000000e-01
5.1200000000e+03 3.4507400000e-01
5.1210000000e+03 3.4529500000e-01
5.1220000000e+03 3.4551500000e-01
5.1230000000e+03 3.4573500000e-01
5.1240000000e+03 3.4595500000e-01
5.1250000000e+03 3.4617500000e-01
5.1260000000e+03 3.4639600000e-01
5.1270000000e+03 3.4661600000e-01
5.1280000000e+03 3.4683600000e-01
5.1290000000e+03 3.4705600000e-01
5.1300000000e+03 3.4727700000e-01
5.1310000000e+03 3.4882100000e-01
5.1320000000e+03 3.5036500000e-01
5.1330000000e+03 3.5191000000e-01
5.1340000000e+03 3.5345500000e-01
5.1350000000e+03 3.5500100000e-01
5.1360000000e+03 3.5654700000e-01
5.1370000000e+03 3.5809300000e-01
5.1380000000e+03 3.5964100000e-01
5.1390000000e+03 3.6118800000e-01
5.1400000000e+03 3.6273600000e-01
5.1410000000e+03 3.6312400000e-01
5.1420000000e+03 3.6351100000e-01
5.1430000000e+03 3.6390000000e-01
5.1440000000e+03 3.6428800000e-01
5.1450000000e+03 3.6467500000e-01
5.1460000000e+03 3.6506400000e-01
5.1470000000e+03 3.6545200000e-01
5.1480000000e+03 3.6583900000e-01
5.1490000000e+03 3.6622700000e-01
5.1500000000e+03 3.6661500000e-01
5.1510000000e+03 3.6819200000e-01
5.1520000000e+03 3.6976800000e-01
5.1530000000e+03 3.7134500000e-01
5.1540000000e+03 3.7292200000e-01
5.1550000000e+03 3.7450000000e-01
5.1560000000e+03 3.7607700000e-01
5.1570000000e+03 3.7765600000e-01
5.1580000000e+03 3.7923500000e-01
5.1590000000e+03 3.8081400000e-01
5.1600000000e+03 3.8239300000e-01
5.1610000000e+03 3.8037700000e-01
5.1620000000e+03 3.7835900000e-01
5.1630000000e+03 3.7634100000e-01
5.1640000000e+03 3.7432200000e-01
5.1650000000e+03 3.7230300000e-01
5.1660000000e+03 3.7028300000e-01
5.1670000000e+03 3.6826200000e-01
5.1680000000e+03 3.6624100000e-01
5.1690000000e+03 3.6421900000e-01
5.1700000000e+03 3.6219600000e-01
5.1710000000e+03 3.6218100000e-01
5.1720000000e+03 3.6216600000e-01
5.1730000000e+03 3.6215100000e-01
5.1740000000e+03 3.6213500000e-01
5.1750000000e+03 3.6211900000e-01
5.1760000000e+03 3.6210400000e-01
5.1770000000e+03 3.6208800000e-01
5.1780000000e+03 3.6207200000e-01
5.1790000000e+03 3.6205600000e-01
5.1800000000e+03 3.6204000000e-01
5.1810000000e+03 3.6103200000e-01
5.1820000000e+03 3.6002400000e-01
5.1830000000e+03 3.5901500000e-01
5.1840000000e+03 3.5800600000e-01
5.1850000000e+03 3.5699600000e-01
5.1860000000e+03 3.5598700000e-01
5.1870000000e+03 3.5497700000e-01
5.1880000000e+03 3.5396600000e-01
5.1890000000e+03 3.5295600000e-01
5.1900000000e+03 3.5194500000e-01
5.1910000000e+03 3.5621300000e-01
5.1920000000e+03 3.6048200000e-01
5.1930000000e+03 3.6475100000e-01
5.1940000000e+03 3.6902200000e-01
5.1950000000e+03 3.7329300000e-01
5.1960000000e+03 3.7756500000e-01
5.1970000000e+03 3.8183600000e-01
5.1980000000e+03 3.8610900000e-01
5.1990000000e+03 3.9038300000e-01
5.2000000000e+03 3.9465700000e-01
5.2010000000e+03 3.9219400000e-01
5.2020000000e+03 3.8973000000e-01
5.2030000000e+03 3.8726400000e-01
5.2040000000e+03 3.8479800000e-01
5.2050000000e+03 3.8233000000e-01
5.2060000000e+03 3.7986100000e-01
5.2070000000e+03 3.7739100000e-01
5.2080000000e+03 3.7491900000e-01
5.2090000000e+03 3.7244700000e-01
5.2100000000e+03 3.6997300000e-01
5.2110000000e+03 3.7089900000e-01
5.2120000000e+03 3.7182500000e-01
5.2130000000e+03 3.7275200000e-01
5.2140000000e+03 3.7367800000e-01
5.2150000000e+03 3.7460600000e-01
5.2160000000e+03 3.7553400000e-01
5.2170000000e+03 3.7646200000e-01
5.2180000000e+03 3.7739000000e-01
5.2190000000e+03 3.7831900000e-01
5.2200000000e+03 3.7924900000e-01
5.2210000000e+03 3.7528200000e-01
5.2220000000e+03 3.7131500000e-01
5.2230000000e+03 3.6734700000e-01
5.2240000000e+03 3.6337900000e-01
5.2250000000e+03 3.5941000000e-01
5.2260000000e+03 3.5544100000e-01
5.2270000000e+03 3.5147100000e-01
5.2280000000e+03 3.4750100000e-01
5.2290000000e+03 3.4353000000e-01
5.2300000000e+03 3.3955900000e-01
5.2310000000e+03 3.3897900000e-01
5.2320000000e+03 3.3840000000e-01
5.2330000000e+03 3.3782000000e-01
5.2340000000e+03 3.3724000000e-01
5.2350000000e+03 3.3666000000e-01
5.2360000000e+03 3.3608000000e-01
5.2370000000e+03 3.3550000000e-01
5.2380000000e+03 3.3491900000e-01
5.2390000000e+03 3.3433800000e-01
5.2400000000e+03 3.3375700000e-01
5.2410000000e+03 3.3758000000e-01
5.2420000000e+03 3.4140700000e-01
5.2430000000e+03 3.4523400000e-01
5.2440000000e+03 3.4906300000e-01
5.2450000000e+03 3.5289400000e-01
5.2460000000e+03 3.5672600000e-01
5.2470000000e+03 3.6055900000e-01
5.2480000000e+03 3.6439500000e-01
5.2490000000e+03 3.6823200000e-01
5.2500000000e+03 3.7207100000e-01
5.2510000000e+03 3.6966000000e-01
5.2520000000e+03 3.6724800000e-01
5.2530000000e+03 3.6483600000e-01
5.2540000000e+03 3.6242300000e-01
5.2550000000e+03 3.6001000000e-01
5.2560000000e+03 3.5759400000e-01
5.2570000000e+03 3.5517900000e-01
5.2580000000e+03 3.5276300000e-01
5.2590000000e+03 3.5034700000e-01
5.2600000000e+03 3.4792800000e-01
5.2610000000e+03 3.5100700000e-01
5.2620000000e+03 3.5408700000e-01
5.2630000000e+03 3.5716700000e-01
5.2640000000e+03 3.6024800000e-01
5.2650000000e+03 3.6333100000e-01
5.2660000000e+03 3.6641400000e-01
5.2670000000e+03 3.6949700000e-01
5.2680000000e+03 3.7258100000e-01
5.2690000000e+03 3.7566700000e-01
5.2700000000e+03 3.7875400000e-01
5.2710000000e+03 3.7753100000e-01
5.2720000000e+03 3.7630700000e-01
5.2730000000e+03 3.7508300000e-01
5.2740000000e+03 3.7385700000e-01
5.2750000000e+03 3.7263100000e-01
5.2760000000e+03 3.7140500000e-01
5.2770000000e+03 3.7017800000e-01
5.2780000000e+03 3.6895200000e-01
5.2790000000e+03 3.6772300000e-01
5.2800000000e+03 3.6649500000e-01
5.2810000000e+03 3.6893400000e-01
5.2820000000e+03 3.7137500000e-01
5.2830000000e+03 3.7381500000e-01
5.2840000000e+03 3.7625600000e-01
5.2850000000e+03 3.7869600000e-01
5.2860000000e+03 3.8113700000e-01
5.2870000000e+03 3.8357800000e-01
5.2880000000e+03 3.8602000000e-01
5.2890000000e+03 3.8846100000e-01
5.2900000000e+03 3.9090200000e-01
5.2910000000e+03 3.8938100000e-01
5.2920000000e+03 3.8785700000e-01
5.2930000000e+03 3.8633300000e-01
5.2940000000e+03 3.8480800000e-01
5.2950000000e+03 3.8328300000e-01
5.2960000000e+03 3.8175700000e-01
5.2970000000e+03 3.8023000000e-01
5.2980000000e+03 3.7870300000e-01
5.2990000000e+03 3.7717500000e-01
5.3000000000e+03 3.7564600000e-01
5.3010000000e+03 3.7480600000e-01
5.3020000000e+03 3.7396600000e-01
5.3030000000e+03 3.7312500000e-01
5.3040000000e+03 3.7228400000e-01
5.3050000000e+03 3.7144400000e-01
5.3060000000e+03 3.7060300000e-01
5.3070000000e+03 3.6976200000e-01
5.3080000000e+03 3.6892000000e-01
5.3090000000e+03 3.6807800000e-01
5.3100000000e+03 3.6723700000e-01
5.3110000000e+03 3.6522500000e-01
5.3120000000e+03 3.6321400000e-01
5.3130000000e+03 3.6120000000e-01
5.3140000000e+03 3.5918600000e-01
5.3150000000e+03 3.5717100000e-01
5.3160000000e+03 3.5515500000e-01
5.3170000000e+03 3.5313800000e-01
5.3180000000e+03 3.5112000000e-01
5.3190000000e+03 3.4910100000e-01
5.3200000000e+03 3.4708200000e-01
5.3210000000e+03 3.5057300000e-01
5.3220000000e+03 3.5406500000e-01
5.3230000000e+03 3.5755800000e-01
5.3240000000e+03 3.6105100000e-01
5.3250000000e+03 3.6454400000e-01
5.3260000000e+03 3.6803900000e-01
5.3270000000e+03 3.7153500000e-01
5.3280000000e+03 3.7503100000e-01
5.3290000000e+03 3.7852600000e-01
5.3300000000e+03 3.8202400000e-01
5.3310000000e+03 3.7972100000e-01
5.3320000000e+03 3.7741800000e-01
5.3330000000e+03 3.7511300000e-01
5.3340000000e+03 3.7280800000e-01
5.3350000000e+03 3.7050300000e-01
5.3360000000e+03 3.6819600000e-01
5.3370000000e+03 3.6589000000e-01
5.3380000000e+03 3.6358200000e-01
5.3390000000e+03 3.6127500000e-01
5.3400000000e+03 3.5896500000e-01
5.3410000000e+03 3.6283400000e-01
5.3420000000e+03 3.6670500000e-01
5.3430000000e+03 3.7057700000e-01
5.3440000000e+03 3.7445000000e-01
5.3450000000e+03 3.7832400000e-01
5.3460000000e+03 3.8220100000e-01
5.3470000000e+03 3.8607700000e-01
5.3480000000e+03 3.8995500000e-01
5.3490000000e+03 3.9383500000e-01
5.3500000000e+03 3.9771600000e-01
5.3510000000e+03 3.9679400000e-01
5.3520000000e+03 3.9587100000e-01
5.3530000000e+03 3.9494800000e-01
5.3540000000e+03 3.9402500000e-01
5.3550000000e+03 3.9310200000e-01
5.3560000000e+03 3.9217900000e-01
5.3570000000e+03 3.9125500000e-01
5.3580000000e+03 3.9033100000e-01
5.3590000000e+03 3.8940600000e-01
5.3600000000e+03 3.8848100000e-01
5.3610000000e+03 3.8806500000e-01
5.3620000000e+03 3.8764900000e-01
5.3630000000e+03 3.8723300000e-01
5.3640000000e+03 3.8681600000e-01
5.3650000000e+03 3.8640000000e-01
5.3660000000e+03 3.8598200000e-01
5.3670000000e+03 3.8556500000e-01
5.3680000000e+03 3.8514800000e-01
5.3690000000e+03 3.8473100000e-01
5.3700000000e+03 3.8431200000e-01
5.3710000000e+03 3.8449700000e-01
5.3720000000e+03 3.8468400000e-01
5.3730000000e+03 3.8487000000e-01
5.3740000000e+03 3.8505600000e-01
5.3750000000e+03 3.8524100000e-01
5.3760000000e+03 3.8542700000e-01
5.3770000000e+03 3.8561300000e-01
5.3780000000e+03 3.8579800000e-01
5.3790000000e+03 3.8598400000e-01
5.3800000000e+03 3.8616900000e-01
5.3810000000e+03 3.8504200000e-01
5.3820000000e+03 3.8391500000e-01
5.3830000000e+03 3.8278700000e-01
5.3840000000e+03 3.8165800000e-01
5.3850000000e+03 3.8053000000e-01
5.3860000000e+03 3.7940100000e-01
5.3870000000e+03 3.7827100000e-01
5.3880000000e+03 3.7714200000e-01
5.3890000000e+03 3.7601200000e-01
5.3900000000e+03 3.7488100000e-01
5.3910000000e+03 3.7239100000e-01
5.3920000000e+03 3.6990000000e-01
5.3930000000e+03 3.6740800000e-01
5.3940000000e+03 3.6491600000e-01
5.3950000000e+03 3.6242300000e-01
5.3960000000e+03 3.5993000000e-01
5.3970000000e+03 3.5743600000e-01
5.3980000000e+03 3.5494200000e-01
5.3990000000e+03 3.5244600000e-01
5.4000000000e+03 3.4995100000e-01
5.4010000000e+03 3.4950800000e-01
5.4020000000e+03 3.4906500000e-01
5.4030000000e+03 3.4862200000e-01
5.4040000000e+03 3.4817900000e-01
5.4050000000e+03 3.4773400000e-01
5.4060000000e+03 3.4729100000e-01
5.4070000000e+03 3.4684700000e-01
5.4080000000e+03 3.4640200000e-01
5.4090000000e+03 3.4595800000e-01
5.4100000000e+03 3.4551300000e-01
5.4110000000e+03 3.4761000000e-01
5.4120000000e+03 3.4970900000e-01
5.4130000000e+03 3.5180900000e-01
5.4140000000e+03 3.5390800000e-01
5.4150000000e+03 3.5601000000e-01
5.4160000000e+03 3.5811100000e-01
5.4170000000e+03 3.6021200000e-01
5.4180000000e+03 3.6231500000e-01
5.4190000000e+03 3.6441700000e-01
5.4200000000e+03 3.6652100000e-01
5.4210000000e+03 3.6820000000e-01
5.4220000000e+03 3.6988100000e-01
5.4230000000e+03 3.7156100000e-01
5.4240000000e+03 3.7324200000e-01
5.4250000000e+03 3.7492200000e-01
5.4260000000e+03 3.7660200000e-01
5.4270000000e+03 3.7828500000e-01
5.4280000000e+03 3.7996600000e-01
5.4290000000e+03 3.8164700000e-01
5.4300000000e+03 3.8333000000e-01
5.4310000000e+03 3.8464200000e-01
5.4320000000e+03 3.8595500000e-01
5.4330000000e+03 3.8726700000e-01
5.4340000000e+03 3.8858100000e-01
5.4350000000e+03 3.8989400000e-01
5.4360000000e+03 3.9120800000e-01
5.4370000000e+03 3.9252300000e-01
5.4380000000e+03 3.9383700000e-01
5.4390000000e+03 3.9515200000e-01
5.4400000000e+03 3.9646700000e-01
5.4410000000e+03 3.9762000000e-01
5.4420000000e+03 3.9877200000e-01
5.4430000000e+03 3.9992600000e-01
5.4440000000e+03 4.0107800000e-01
5.4450000000e+03 4.0223100000e-01
5.4460000000e+03 4.0338500000e-01
5.4470000000e+03 4.0453900000e-01
5.4480000000e+03 4.0569200000e-01
5.4490000000e+03 4.0684600000e-01
5.4500000000e+03 4.0800000000e-01
5.4510000000e+03 4.0752400000e-01
5.4520000000e+03 4.0704600000e-01
5.4530000000e+03 4.0657000000e-01
5.4540000000e+03 4.0609200000e-01
5.4550000000e+03 4.0561400000e-01
5.4560000000e+03 4.0513600000e-01
5.4570000000e+03 4.0465800000e-01
5.4580000000e+03 4.0418000000e-01
5.4590000000e+03 4.0370100000e-01
5.4600000000e+03 4.0322200000e-01
5.4610000000e+03 4.0339500000e-01
5.4620000000e+03 4.0356800000e-01
5.4630000000e+03 4.0374200000e-01
5.4640000000e+03 4.0391500000e-01
5.4650000000e+03 4.0408700000e-01
5.4660000000e+03 4.0426000000e-01
5.4670000000e+03 4.0443300000e-01
5.4680000000e+03 4.0460500000e-01
5.4690000000e+03 4.0477800000e-01
5.4700000000e+03 4.0495000000e-01
5.4710000000e+03 4.0566800000e-01
5.4720000000e+03 4.0638400000e-01
5.4730000000e+03 4.0710200000e-01
5.4740000000e+03 4.0781900000e-01
5.4750000000e+03 4.0853700000e-01
5.4760000000e+03 4.0925400000e-01
5.4770000000e+03 4.0997200000e-01
5.4780000000e+03 4.1068900000e-01
5.4790000000e+03 4.1140800000e-01
5.4800000000e+03 4.1212600000e-01
5.4810000000e+03 4.1168700000e-01
5.4820000000e+03 4.1124800000e-01
5.4830000000e+03 4.1081000000e-01
5.4840000000e+03 4.1037000000e-01
5.4850000000e+03 4.0993000000e-01
5.4860000000e+03 4.0949100000e-01
5.4870000000e+03 4.0905100000e-01
5.4880000000e+03 4.0861200000e-01
5.4890000000e+03 4.0817100000e-01
5.4900000000e+03 4.0773100000e-01
5.4910000000e+03 4.0742600000e-01
5.4920000000e+03 4.0712100000e-01
5.4930000000e+03 4.0681500000e-01
5.4940000000e+03 4.0651000000e-01
5.4950000000e+03 4.0620400000e-01
5.4960000000e+03 4.0589800000e-01
5.4970000000e+03 4.0559200000e-01
5.4980000000e+03 4.0528600000e-01
5.4990000000e+03 4.0498000000e-01
5.5000000000e+03 4.0467400000e-01
5.5010000000e+03 4.0260300000e-01
5.5020000000e+03 4.0053000000e-01
5.5030000000e+03 3.9845700000e-01
5.5040000000e+03 3.9638300000e-01
5.5050000000e+03 3.9430800000e-01
5.5060000000e+03 3.9223200000e-01
5.5070000000e+03 3.9015600000e-01
5.5080000000e+03 3.8807800000e-01
5.5090000000e+03 3.8600000000e-01
5.5100000000e+03 3.8392100000e-01
5.5110000000e+03 3.8437100000e-01
5.5120000000e+03 3.8482100000e-01
5.5130000000e+03 3.8527100000e-01
5.5140000000e+03 3.8572100000e-01
5.5150000000e+03 3.8617200000e-01
5.5160000000e+03 3.8662100000e-01
5.5170000000e+03 3.8707100000e-01
5.5180000000e+03 3.8752200000e-01
5.5190000000e+03 3.8797100000e-01
5.5200000000e+03 3.8842200000e-01
5.5210000000e+03 3.8911400000e-01
5.5220000000e+03 3.8980700000e-01
5.5230000000e+03 3.9049900000e-01
5.5240000000e+03 3.9119200000e-01
5.5250000000e+03 3.9188500000e-01
5.5260000000e+03 3.9257700000e-01
5.5270000000e+03 3.9327000000e-01
5.5280000000e+03 3.9396300000e-01
5.5290000000e+03 3.9465600000e-01
5.5300000000e+03 3.9534900000e-01
5.5310000000e+03 3.9601200000e-01
5.5320000000e+03 3.9667400000e-01
5.5330000000e+03 3.9733800000e-01
5.5340000000e+03 3.9800000000e-01
5.5350000000e+03 3.9866300000e-01
5.5360000000e+03 3.9932600000e-01
5.5370000000e+03 3.9998900000e-01
5.5380000000e+03 4.0065200000e-01
5.5390000000e+03 4.0131500000e-01
5.5400000000e+03 4.0197800000e-01
5.5410000000e+03 4.0252400000e-01
5.5420000000e+03 4.0307000000e-01
5.5430000000e+03 4.0361600000e-01
5.5440000000e+03 4.0416100000e-01
5.5450000000e+03 4.0470700000e-01
5.5460000000e+03 4.0525200000e-01
5.5470000000e+03 4.0579800000e-01
5.5480000000e+03 4.0634300000e-01
5.5490000000e+03 4.0688800000e-01
5.5500000000e+03 4.0743400000e-01
5.5510000000e+03 4.0624700000e-01
5.5520000000e+03 4.0505900000e-01
5.5530000000e+03 4.0387000000e-01
5.5540000000e+03 4.0268100000e-01
5.5550000000e+03 4.0149200000e-01
5.5560000000e+03 4.0030300000e-01
5.5570000000e+03 3.9911300000e-01
5.5580000000e+03 3.9792200000e-01
5.5590000000e+03 3.9673100000e-01
5.5600000000e+03 3.9553900000e-01
5.5610000000e+03 3.9650100000e-01
5.5620000000e+03 3.9746200000e-01
5.5630000000e+03 3.9842400000e-01
5.5640000000e+03 3.9938500000e-01
5.5650000000e+03 4.0034700000e-01
5.5660000000e+03 4.0130800000e-01
5.5670000000e+03 4.0227100000e-01
5.5680000000e+03 4.0323100000e-01
5.5690000000e+03 4.0419300000e-01
5.5700000000e+03 4.0515500000e-01
5.5710000000e+03 4.0542300000e-01
5.5720000000e+03 4.0569100000e-01
5.5730000000e+03 4.0595900000e-01
5.5740000000e+03 4.0622700000e-01
5.5750000000e+03 4.0649400000e-01
5.5760000000e+03 4.0676300000e-01
5.5770000000e+03 4.0703000000e-01
5.5780000000e+03 4.0729700000e-01
5.5790000000e+03 4.0756400000e-01
5.5800000000e+03 4.0783100000e-01
5.5810000000e+03 4.0734000000e-01
5.5820000000e+03 4.0684700000e-01
5.5830000000e+03 4.0635600000e-01
5.5840000000e+03 4.0586400000e-01
5.5850000000e+03 4.0537100000e-01
5.5860000000e+03 4.0487900000e-01
5.5870000000e+03 4.0438600000e-01
5.5880000000e+03 4.0389300000e-01
5.5890000000e+03 4.0340000000e-01
5.5900000000e+03 4.0290800000e-01
5.5910000000e+03 4.0254500000e-01
5.5920000000e+03 4.0218300000e-01
5.5930000000e+03 4.0182200000e-01
5.5940000000e+03 4.0146000000e-01
5.5950000000e+03 4.0109800000e-01
5.5960000000e+03 4.0073500000e-01
5.5970000000e+03 4.0037300000e-01
5.5980000000e+03 4.0001100000e-01
5.5990000000e+03 3.9964700000e-01
5.6000000000e+03 3.9928400000e-01
5.6010000000e+03 3.9753800000e-01
5.6020000000e+03 3.9579200000e-01
5.6030000000e+03 3.9404400000e-01
5.6040000000e+03 3.9229700000e-01
5.6050000000e+03 3.9054900000e-01
5.6060000000e+03 3.8880000000e-01
5.6070000000e+03 3.8705200000e-01
5.6080000000e+03 3.8530200000e-01
5.6090000000e+03 3.8355300000e-01
5.6100000000e+03 3.8180200000e-01
5.6110000000e+03 3.8184800000e-01
5.6120000000e+03 3.8189400000e-01
5.6130000000e+03 3.8194000000e-01
5.6140000000e+03 3.8198500000e-01
5.6150000000e+03 3.8203200000e-01
5.6160000000e+03 3.8207800000e-01
5.6170000000e+03 3.8212200000e-01
5.6180000000e+03 3.8216900000e-01
5.6190000000e+03 3.8221400000e-01
5.6200000000e+03 3.8226000000e-01
5.6210000000e+03 3.8373200000e-01
5.6220000000e+03 3.8520600000e-01
5.6230000000e+03 3.8667800000e-01
5.6240000000e+03 3.8815200000e-01
5.6250000000e+03 3.8962500000e-01
5.6260000000e+03 3.9109900000e-01
5.6270000000e+03 3.9257300000e-01
5.6280000000e+03 3.9404700000e-01
5.6290000000e+03 3.9552100000e-01
5.6300000000e+03 3.9699500000e-01
5.6310000000e+03 3.9815300000e-01
5.6320000000e+03 3.9931300000e-01
5.6330000000e+03 4.0047100000e-01
5.6340000000e+03 4.0163100000e-01
5.6350000000e+03 4.0279100000e-01
5.6360000000e+03 4.0395100000e-01
5.6370000000e+03 4.0511100000e-01
5.6380000000e+03 4.0627100000e-01
5.6390000000e+03 4.0743100000e-01
5.6400000000e+03 4.0859100000e-01
5.6410000000e+03 4.0873500000e-01
5.6420000000e+03 4.0887900000e-01
5.6430000000e+03 4.0902400000e-01
5.6440000000e+03 4.0916700000e-01
5.6450000000e+03 4.0931100000e-01
5.6460000000e+03 4.0945600000e-01
5.6470000000e+03 4.0959900000e-01
5.6480000000e+03 4.0974300000e-01
5.6490000000e+03 4.0988800000e-01
5.6500000000e+03 4.1003200000e-01
5.6510000000e+03 4.0921200000e-01
5.6520000000e+03 4.0839200000e-01
5.6530000000e+03 4.0757100000e-01
5.6540000000e+03 4.0675100000e-01
5.6550000000e+03 4.0593100000e-01
5.6560000000e+03 4.0511000000e-01
5.6570000000e+03 4.0429000000e-01
5.6580000000e+03 4.0346900000e-01
5.6590000000e+03 4.0264800000e-01
5.6600000000e+03 4.0182700000e-01
5.6610000000e+03 4.0096300000e-01
5.6620000000e+03 4.0009900000e-01
5.6630000000e+03 3.9923500000e-01
5.6640000000e+03 3.9837100000e-01
5.6650000000e+03 3.9750700000e-01
5.6660000000e+03 3.9664200000e-01
5.6670000000e+03 3.9577700000e-01
5.6680000000e+03 3.9491200000e-01
5.6690000000e+03 3.9404700000e-01
5.6700000000e+03 3.9318100000e-01
5.6710000000e+03 3.9327400000e-01
5.6720000000e+03 3.9336700000e-01
5.6730000000e+03 3.9346100000e-01
5.6740000000e+03 3.9355400000e-01
5.6750000000e+03 3.9364700000e-01
5.6760000000e+03 3.9374000000e-01
5.6770000000e+03 3.9383400000e-01
5.6780000000e+03 3.9392700000e-01
5.6790000000e+03 3.9402100000e-01
5.6800000000e+03 3.9411400000e-01
5.6810000000e+03 3.9477700000e-01
5.6820000000e+03 3.9544000000e-01
5.6830000000e+03 3.9610300000e-01
5.6840000000e+03 3.9676700000e-01
5.6850000000e+03 3.9743000000e-01
5.6860000000e+03 3.9809400000e-01
5.6870000000e+03 3.9875900000e-01
5.6880000000e+03 3.9942300000e-01
5.6890000000e+03 4.0008800000e-01
5.6900000000e+03 4.0075300000e-01
5.6910000000e+03 4.0163200000e-01
5.6920000000e+03 4.0251100000e-01
5.6930000000e+03 4.0339100000e-01
5.6940000000e+03 4.0427100000e-01
5.6950000000e+03 4.0515200000e-01
5.6960000000e+03 4.0603100000e-01
5.6970000000e+03 4.0691200000e-01
5.6980000000e+03 4.0779300000e-01
5.6990000000e+03 4.0867300000e-01
5.7000000000e+03 4.0955500000e-01
5.7010000000e+03 4.0988600000e-01
5.7020000000e+03 4.1021800000e-01
5.7030000000e+03 4.1055100000e-01
5.7040000000e+03 4.1088300000e-01
5.7050000000e+03 4.1121500000e-01
5.7060000000e+03 4.1154700000e-01
5.7070000000e+03 4.1188100000e-01
5.7080000000e+03 4.1221300000e-01
5.7090000000e+03 4.1254600000e-01
5.7100000000e+03 4.1287900000e-01
5.7110000000e+03 4.1203300000e-01
5.7120000000e+03 4.1118600000e-01
5.7130000000e+03 4.1033900000e-01
5.7140000000e+03 4.0949100000e-01
5.7150000000e+03 4.0864500000e-01
5.7160000000e+03 4.0779800000e-01
5.7170000000e+03 4.0695100000e-01
5.7180000000e+03 4.0610300000e-01
5.7190000000e+03 4.0525600000e-01
5.7200000000e+03 4.0440900000e-01
5.7210000000e+03 4.0434400000e-01
5.7220000000e+03 4.0428100000e-01
5.7230000000e+03 4.0421600000e-01
5.7240000000e+03 4.0415200000e-01
5.7250000000e+03 4.0408800000e-01
5.7260000000e+03 4.0402500000e-01
5.7270000000e+03 4.0396100000e-01
5.7280000000e+03 4.0389800000e-01
5.7290000000e+03 4.0383500000e-01
5.7300000000e+03 4.0377100000e-01
5.7310000000e+03 4.0472500000e-01
5.7320000000e+03 4.0567800000e-01
5.7330000000e+03 4.0663300000e-01
5.7340000000e+03 4.0758800000e-01
5.7350000000e+03 4.0854300000e-01
5.7360000000e+03 4.0949900000e-01
5.7370000000e+03 4.1045400000e-01
5.7380000000e+03 4.1141200000e-01
5.7390000000e+03 4.1236900000e-01
5.7400000000e+03 4.1332600000e-01
5.7410000000e+03 4.1064600000e-01
5.7420000000e+03 4.0796700000e-01
5.7430000000e+03 4.0528700000e-01
5.7440000000e+03 4.0260700000e-01
5.7450000000e+03 3.9992800000e-01
5.7460000000e+03 3.9724900000e-01
5.7470000000e+03 3.9457000000e-01
5.7480000000e+03 3.9189200000e-01
5.7490000000e+03 3.8921200000e-01
5.7500000000e+03 3.8653400000e-01
5.7510000000e+03 3.8646100000e-01
5.7520000000e+03 3.8638800000e-01
5.7530000000e+03 3.8631400000e-01
5.7540000000e+03 3.8624000000e-01
5.7550000000e+03 3.8616800000e-01
5.7560000000e+03 3.8609400000e-01
5.7570000000e+03 3.8602200000e-01
5.7580000000e+03 3.8594800000e-01
5.7590000000e+03 3.8587500000e-01
5.7600000000e+03 3.8580300000e-01
5.7610000000e+03 3.8552500000e-01
5.7620000000e+03 3.8524800000e-01
5.7630000000e+03 3.8497200000e-01
5.7640000000e+03 3.8469400000e-01
5.7650000000e+03 3.8441700000e-01
5.7660000000e+03 3.8414000000e-01
5.7670000000e+03 3.8386400000e-01
5.7680000000e+03 3.8358700000e-01
5.7690000000e+03 3.8331100000e-01
5.7700000000e+03 3.8303400000e-01
5.7710000000e+03 3.8354300000e-01
5.7720000000e+03 3.8405100000e-01
5.7730000000e+03 3.8456000000e-01
5.7740000000e+03 3.8507000000e-01
5.7750000000e+03 3.8557900000e-01
5.7760000000e+03 3.8608900000e-01
5.7770000000e+03 3.8659800000e-01
5.7780000000e+03 3.8710900000e-01
5.7790000000e+03 3.8762000000e-01
5.7800000000e+03 3.8813100000e-01
5.7810000000e+03 3.8920400000e-01
5.7820000000e+03 3.9027700000e-01
5.7830000000e+03 3.9135100000e-01
5.7840000000e+03 3.9242400000e-01
5.7850000000e+03 3.9349800000e-01
5.7860000000e+03 3.9457300000e-01
5.7870000000e+03 3.9564700000e-01
5.7880000000e+03 3.9672100000e-01
5.7890000000e+03 3.9779700000e-01
5.7900000000e+03 3.9887200000e-01
5.7910000000e+03 4.0020200000e-01
5.7920000000e+03 4.0153200000e-01
5.7930000000e+03 4.0286200000e-01
5.7940000000e+03 4.0419400000e-01
5.7950000000e+03 4.0552500000e-01
5.7960000000e+03 4.0685600000e-01
5.7970000000e+03 4.0818900000e-01
5.7980000000e+03 4.0952300000e-01
5.7990000000e+03 4.1085600000e-01
5.8000000000e+03 4.1219000000e-01
5.8010000000e+03 4.1284300000e-01
5.8020000000e+03 4.1349600000e-01
5.8030000000e+03 4.1414900000e-01
5.8040000000e+03 4.1480300000e-01
5.8050000000e+03 4.1545700000e-01
5.8060000000e+03 4.1610900000e-01
5.8070000000e+03 4.1676300000e-01
5.8080000000e+03 4.1741700000e-01
5.8090000000e+03 4.1807200000e-01
5.8100000000e+03 4.1872600000e-01
5.8110000000e+03 4.1899000000e-01
5.8120000000e+03 4.1925300000e-01
5.8130000000e+03 4.1951800000e-01
5.8140000000e+03 4.1978200000e-01
5.8150000000e+03 4.2004700000e-01
5.8160000000e+03 4.2031300000e-01
5.8170000000e+03 4.2057700000e-01
5.8180000000e+03 4.2084300000e-01
5.8190000000e+03 4.2110800000e-01
5.8200000000e+03 4.2137400000e-01
5.8210000000e+03 4.2029200000e-01
5.8220000000e+03 4.1920900000e-01
5.8230000000e+03 4.1812700000e-01
5.8240000000e+03 4.1704500000e-01
5.8250000000e+03 4.1596200000e-01
5.8260000000e+03 4.1487800000e-01
5.8270000000e+03 4.1379500000e-01
5.8280000000e+03 4.1271100000e-01
5.8290000000e+03 4.1162700000e-01
5.8300000000e+03 4.1054300000e-01
5.8310000000e+03 4.1045700000e-01
5.8320000000e+03 4.1037200000e-01
5.8330000000e+03 4.1028600000e-01
5.8340000000e+03 4.1020000000e-01
5.8350000000e+03 4.1011500000e-01
5.8360000000e+03 4.1003000000e-01
5.8370000000e+03 4.0994400000e-01
5.8380000000e+03 4.0985900000e-01
5.8390000000e+03 4.0977500000e-01
5.8400000000e+03 4.0969000000e-01
5.8410000000e+03 4.0854400000e-01
5.8420000000e+03 4.0739900000e-01
5.8430000000e+03 4.0625300000e-01
5.8440000000e+03 4.0510800000e-01
5.8450000000e+03 4.0396200000e-01
5.8460000000e+03 4.0281500000e-01
5.8470000000e+03 4.0167000000e-01
5.8480000000e+03 4.0052400000e-01
5.8490000000e+03 3.9937800000e-01
5.8500000000e+03 3.9823100000e-01
5.8510000000e+03 3.9989000000e-01
5.8520000000e+03 4.0155000000e-01
5.8530000000e+03 4.0320900000e-01
5.8540000000e+03 4.0487000000e-01
5.8550000000e+03 4.0652900000e-01
5.8560000000e+03 4.0819000000e-01
5.8570000000e+03 4.0985200000e-01
5.8580000000e+03 4.1151300000e-01
5.8590000000e+03 4.1317500000e-01
5.8600000000e+03 4.1483700000e-01
5.8610000000e+03 4.1457500000e-01
5.8620000000e+03 4.1431300000e-01
5.8630000000e+03 4.1405100000e-01
5.8640000000e+03 4.1378800000e-01
5.8650000000e+03 4.1352600000e-01
5.8660000000e+03 4.1326400000e-01
5.8670000000e+03 4.1300100000e-01
5.8680000000e+03 4.1273900000e-01
5.8690000000e+03 4.1247700000e-01
5.8700000000e+03 4.1221500000e-01
5.8710000000e+03 4.1220200000e-01
5.8720000000e+03 4.1218800000e-01
5.8730000000e+03 4.1217500000e-01
5.8740000000e+03 4.1216200000e-01
5.8750000000e+03 4.1214900000e-01
5.8760000000e+03 4.1213700000e-01
5.8770000000e+03 4.1212400000e-01
5.8780000000e+03 4.1211100000e-01
5.8790000000e+03 4.1209900000e-01
5.8800000000e+03 4.1208700000e-01
5.8810000000e+03 4.1100300000e-01
5.8820000000e+03 4.0991900000e-01
5.8830000000e+03 4.0883500000e-01
5.8840000000e+03 4.0775000000e-01
5.8850000000e+03 4.0666600000e-01
5.8860000000e+03 4.0558100000e-01
5.8870000000e+03 4.0449500000e-01
5.8880000000e+03 4.0341000000e-01
5.8890000000e+03 4.0232400000e-01
5.8900000000e+03 4.0123800000e-01
5.8910000000e+03 4.0407800000e-01
5.8920000000e+03 4.0691900000e-01
5.8930000000e+03 4.0976200000e-01
5.8940000000e+03 4.1260600000e-01
5.8950000000e+03 4.1545100000e-01
5.8960000000e+03 4.1829700000e-01
5.8970000000e+03 4.2114600000e-01
5.8980000000e+03 4.2399600000e-01
5.8990000000e+03 4.2684600000e-01
5.9000000000e+03 4.2969800000e-01
5.9010000000e+03 4.2781200000e-01
5.9020000000e+03 4.2592400000e-01
5.9030000000e+03 4.2403700000e-01
5.9040000000e+03 4.2215000000e-01
5.9050000000e+03 4.2026200000e-01
5.9060000000e+03 4.1837400000e-01
5.9070000000e+03 4.1648500000e-01
5.9080000000e+03 4.1459600000e-01
5.9090000000e+03 4.1270800000e-01
5.9100000000e+03 4.1081800000e-01
5.9110000000e+03 4.1269100000e-01
5.9120000000e+03 4.1456400000e-01
5.9130000000e+03 4.1643700000e-01
5.9140000000e+03 4.1831000000e-01
5.9150000000e+03 4.2018500000e-01
5.9160000000e+03 4.2205900000e-01
5.9170000000e+03 4.2393500000e-01
5.9180000000e+03 4.2581000000e-01
5.9190000000e+03 4.2768600000e-01
5.9200000000e+03 4.2956300000e-01
5.9210000000e+03 4.2861200000e-01
5.9220000000e+03 4.2766000000e-01
5.9230000000e+03 4.2670800000e-01
5.9240000000e+03 4.2575500000e-01
5.9250000000e+03 4.2480300000e-01
5.9260000000e+03 4.2385000000e-01
5.9270000000e+03 4.2289700000e-01
5.9280000000e+03 4.2194300000e-01
5.9290000000e+03 4.2098900000e-01
5.9300000000e+03 4.2003600000e-01
5.9310000000e+03 4.1870200000e-01
5.9320000000e+03 4.1736900000e-01
5.9330000000e+03 4.1603600000e-01
5.9340000000e+03 4.1470100000e-01
5.9350000000e+03 4.1336800000e-01
5.9360000000e+03 4.1203300000e-01
5.9370000000e+03 4.1069900000e-01
5.9380000000e+03 4.0936400000e-01
5.9390000000e+03 4.0802800000e-01
5.9400000000e+03 4.0669300000e-01
5.9410000000e+03 4.0451500000e-01
5.9420000000e+03 4.0233800000e-01
5.9430000000e+03 4.0016000000e-01
5.9440000000e+03 3.9798200000e-01
5.9450000000e+03 3.9580300000e-01
5.9460000000e+03 3.9362300000e-01
5.9470000000e+03 3.9144400000e-01
5.9480000000e+03 3.8926200000e-01
5.9490000000e+03 3.8708100000e-01
5.9500000000e+03 3.8490000000e-01
5.9510000000e+03 3.8763200000e-01
5.9520000000e+03 3.9036600000e-01
5.9530000000e+03 3.9310000000e-01
5.9540000000e+03 3.9583600000e-01
5.9550000000e+03 3.9857400000e-01
5.9560000000e+03 4.0131100000e-01
5.9570000000e+03 4.0405000000e-01
5.9580000000e+03 4.0679000000e-01
5.9590000000e+03 4.0953200000e-01
5.9600000000e+03 4.1227500000e-01
5.9610000000e+03 4.1133000000e-01
5.9620000000e+03 4.1038500000e-01
5.9630000000e+03 4.0943900000e-01
5.9640000000e+03 4.0849300000e-01
5.9650000000e+03 4.0754600000e-01
5.9660000000e+03 4.0659900000e-01
5.9670000000e+03 4.0565200000e-01
5.9680000000e+03 4.0470400000e-01
5.9690000000e+03 4.0375600000e-01
5.9700000000e+03 4.0280800000e-01
5.9710000000e+03 4.0335500000e-01
5.9720000000e+03 4.0390300000e-01
5.9730000000e+03 4.0445000000e-01
5.9740000000e+03 4.0499800000e-01
5.9750000000e+03 4.0554600000e-01
5.9760000000e+03 4.0609400000e-01
5.9770000000e+03 4.0664200000e-01
5.9780000000e+03 4.0719100000e-01
5.9790000000e+03 4.0774000000e-01
5.9800000000e+03 4.0828900000e-01
5.9810000000e+03 4.0820800000e-01
5.9820000000e+03 4.0812700000e-01
5.9830000000e+03 4.0804600000e-01
5.9840000000e+03 4.0796500000e-01
5.9850000000e+03 4.0788200000e-01
5.9860000000e+03 4.0780000000e-01
5.9870000000e+03 4.0771900000e-01
5.9880000000e+03 4.0763800000e-01
5.9890000000e+03 4.0755500000e-01
5.9900000000e+03 4.0747400000e-01
5.9910000000e+03 4.0729800000e-01
5.9920000000e+03 4.0712300000e-01
5.9930000000e+03 4.0694800000e-01
5.9940000000e+03 4.0677200000e-01
5.9950000000e+03 4.0659700000e-01
5.9960000000e+03 4.0642100000e-01
5.9970000000e+03 4.0624500000e-01
5.9980000000e+03 4.0607000000e-01
5.9990000000e+03 4.0589300000e-01
6.0000000000e+03 4.0571700000e-01
6.0010000000e+03 4.0625200000e-01
6.0020000000e+03 4.0678700000e-01
6.0030000000e+03 4.0732200000e-01
6.0040000000e+03 4.0785700000e-01
6.0050000000e+03 4.0839200000e-01
6.0060000000e+03 4.0892700000e-01
6.0070000000e+03 4.0946300000e-01
6.0080000000e+03 4.0999900000e-01
6.0090000000e+03 4.1053400000e-01
6.0100000000e+03 4.1107000000e-01
6.0110000000e+03 4.1128100000e-01
6.0120000000e+03 4.1149100000e-01
6.0130000000e+03 4.1170200000e-01
6.0140000000e+03 4.1191400000e-01
6.0150000000e+03 4.1212500000e-01
6.0160000000e+03 4.1233600000e-01
6.0170000000e+03 4.1254700000e-01
6.0180000000e+03 4.1275800000e-01
6.0190000000e+03 4.1296800000e-01
6.0200000000e+03 4.1318000000e-01
6.0210000000e+03 4.1342500000e-01
6.0220000000e+03 4.1367100000e-01
6.0230000000e+03 4.1391700000e-01
6.0240000000e+03 4.1416200000e-01
6.0250000000e+03 4.1440700000e-01
6.0260000000e+03 4.1465300000e-01
6.0270000000e+03 4.1489900000e-01
6.0280000000e+03 4.1514500000e-01
6.0290000000e+03 4.1539000000e-01
6.0300000000e+03 4.1563700000e-01
6.0310000000e+03 4.1582100000e-01
6.0320000000e+03 4.1600600000e-01
6.0330000000e+03 4.1619100000e-01
6.0340000000e+03 4.1637600000e-01
6.0350000000e+03 4.1656000000e-01
6.0360000000e+03 4.1674500000e-01
6.0370000000e+03 4.1693000000e-01
6.0380000000e+03 4.1711400000e-01
6.0390000000e+03 4.1730100000e-01
6.0400000000e+03 4.1748500000e-01
6.0410000000e+03 4.1858800000e-01
6.0420000000e+03 4.1969200000e-01
6.0430000000e+03 4.2079500000e-01
6.0440000000e+03 4.2189900000e-01
6.0450000000e+03 4.2300200000e-01
6.0460000000e+03 4.2410700000e-01
6.0470000000e+03 4.2521200000e-01
6.0480000000e+03 4.2631500000e-01
6.0490000000e+03 4.2742100000e-01
6.0500000000e+03 4.2852500000e-01
6.0510000000e+03 4.2823600000e-01
6.0520000000e+03 4.2794800000e-01
6.0530000000e+03 4.2766000000e-01
6.0540000000e+03 4.2737000000e-01
6.0550000000e+03 4.2708300000e-01
6.0560000000e+03 4.2679300000e-01
6.0570000000e+03 4.2650400000e-01
6.0580000000e+03 4.2621500000e-01
6.0590000000e+03 4.2592600000e-01
6.0600000000e+03 4.2563600000e-01
6.0610000000e+03 4.2498400000e-01
6.0620000000e+03 4.2432900000e-01
6.0630000000e+03 4.2367600000e-01
6.0640000000e+03 4.2302200000e-01
6.0650000000e+03 4.2236800000e-01
6.0660000000e+03 4.2171400000e-01
6.0670000000e+03 4.2105800000e-01
6.0680000000e+03 4.2040500000e-01
6.0690000000e+03 4.1974900000e-01
6.0700000000e+03 4.1909400000e-01
6.0710000000e+03 4.1844500000e-01
6.0720000000e+03 4.1779500000e-01
6.0730000000e+03 4.1714600000e-01
6.0740000000e+03 4.1649500000e-01
6.0750000000e+03 4.1584700000e-01
6.0760000000e+03 4.1519600000e-01
6.0770000000e+03 4.1454600000e-01
6.0780000000e+03 4.1389600000e-01
6.0790000000e+03 4.1324600000e-01
6.0800000000e+03 4.1259500000e-01
6.0810000000e+03 4.1377300000e-01
6.0820000000e+03 4.1495100000e-01
6.0830000000e+03 4.1613000000e-01
6.0840000000e+03 4.1730800000e-01
6.0850000000e+03 4.1848800000e-01
6.0860000000e+03 4.1966800000e-01
6.0870000000e+03 4.2084700000e-01
6.0880000000e+03 4.2203000000e-01
6.0890000000e+03 4.2321000000e-01
6.0900000000e+03 4.2439100000e-01
6.0910000000e+03 4.2512500000e-01
6.0920000000e+03 4.2586000000e-01
6.0930000000e+03 4.2659400000e-01
6.0940000000e+03 4.2733000000e-01
6.0950000000e+03 4.2806400000e-01
6.0960000000e+03 4.2880000000e-01
6.0970000000e+03 4.2953500000e-01
6.0980000000e+03 4.3027000000e-01
6.0990000000e+03 4.3100600000e-01
6.1000000000e+03 4.3174200000e-01
6.1010000000e+03 4.3096200000e-01
6.1020000000e+03 4.3018400000e-01
6.1030000000e+03 4.2940300000e-01
6.1040000000e+03 4.2862400000e-01
6.1050000000e+03 4.2784300000e-01
6.1060000000e+03 4.2706200000e-01
6.1070000000e+03 4.2628200000e-01
6.1080000000e+03 4.2550100000e-01
6.1090000000e+03 4.2471900000e-01
6.1100000000e+03 4.2393800000e-01
6.1110000000e+03 4.2478200000e-01
6.1120000000e+03 4.2562400000e-01
6.1130000000e+03 4.2646800000e-01
6.1140000000e+03 4.2731200000e-01
6.1150000000e+03 4.2815600000e-01
6.1160000000e+03 4.2900000000e-01
6.1170000000e+03 4.2984400000e-01
6.1180000000e+03 4.3069100000e-01
6.1190000000e+03 4.3153600000e-01
6.1200000000e+03 4.3238200000e-01
6.1210000000e+03 4.3239100000e-01
6.1220000000e+03 4.3240100000e-01
6.1230000000e+03 4.3241200000e-01
6.1240000000e+03 4.3242200000e-01
6.1250000000e+03 4.3243200000e-01
6.1260000000e+03 4.3244100000e-01
6.1270000000e+03 4.3245100000e-01
6.1280000000e+03 4.3246200000e-01
6.1290000000e+03 4.3247100000e-01
6.1300000000e+03 4.3248100000e-01
6.1310000000e+03 4.3258300000e-01
6.1320000000e+03 4.3268400000e-01
6.1330000000e+03 4.3278500000e-01
6.1340000000e+03 4.3288700000e-01
6.1350000000e+03 4.3298800000e-01
6.1360000000e+03 4.3308900000e-01
6.1370000000e+03 4.3319100000e-01
6.1380000000e+03 4.3329200000e-01
6.1390000000e+03 4.3339400000e-01
6.1400000000e+03 4.3349500000e-01
6.1410000000e+03 4.3362400000e-01
6.1420000000e+03 4.3375300000e-01
6.1430000000e+03 4.3388200000e-01
6.1440000000e+03 4.3401100000e-01
6.1450000000e+03 4.3414000000e-01
6.1460000000e+03 4.3426900000e-01
6.1470000000e+03 4.3439800000e-01
6.1480000000e+03 4.3452700000e-01
6.1490000000e+03 4.3465700000e-01
6.1500000000e+03 4.3478600000e-01
6.1510000000e+03 4.3379700000e-01
6.1520000000e+03 4.3280800000e-01
6.1530000000e+03 4.3181800000e-01
6.1540000000e+03 4.3082900000e-01
6.1550000000e+03 4.2983800000e-01
6.1560000000e+03 4.2884800000e-01
6.1570000000e+03 4.2785700000e-01
6.1580000000e+03 4.2686700000e-01
6.1590000000e+03 4.2587600000e-01
6.1600000000e+03 4.2488500000e-01
6.1610000000e+03 4.2264800000e-01
6.1620000000e+03 4.2041000000e-01
6.1630000000e+03 4.1817200000e-01
6.1640000000e+03 4.1593300000e-01
6.1650000000e+03 4.1369200000e-01
6.1660000000e+03 4.1145100000e-01
6.1670000000e+03 4.0920800000e-01
6.1680000000e+03 4.0696500000e-01
6.1690000000e+03 4.0472100000e-01
6.1700000000e+03 4.0247600000e-01
6.1710000000e+03 4.0098000000e-01
6.1720000000e+03 3.9948300000e-01
6.1730000000e+03 3.9798600000e-01
6.1740000000e+03 3.9648800000e-01
6.1750000000e+03 3.9498900000e-01
6.1760000000e+03 3.9348900000e-01
6.1770000000e+03 3.9199000000e-01
6.1780000000e+03 3.9049000000e-01
6.1790000000e+03 3.8898900000e-01
6.1800000000e+03 3.8748800000e-01
6.1810000000e+03 3.8627700000e-01
6.1820000000e+03 3.8506600000e-01
6.1830000000e+03 3.8385500000e-01
6.1840000000e+03 3.8264200000e-01
6.1850000000e+03 3.8143000000e-01
6.1860000000e+03 3.8021900000e-01
6.1870000000e+03 3.7900500000e-01
6.1880000000e+03 3.7779200000e-01
6.1890000000e+03 3.7657700000e-01
6.1900000000e+03 3.7536300000e-01
6.1910000000e+03 3.7507500000e-01
6.1920000000e+03 3.7478700000e-01
6.1930000000e+03 3.7449900000e-01
6.1940000000e+03 3.7421000000e-01
6.1950000000e+03 3.7392100000e-01
6.1960000000e+03 3.7363200000e-01
6.1970000000e+03 3.7334400000e-01
6.1980000000e+03 3.7305500000e-01
6.1990000000e+03 3.7276500000e-01
6.2000000000e+03 3.7247600000e-01
6.2010000000e+03 3.7196700000e-01
6.2020000000e+03 3.7145800000e-01
6.2030000000e+03 3.7095000000e-01
6.2040000000e+03 3.7044000000e-01
6.2050000000e+03 3.6993200000e-01
6.2060000000e+03 3.6942200000e-01
6.2070000000e+03 3.6891200000e-01
6.2080000000e+03 3.6840300000e-01
6.2090000000e+03 3.6789400000e-01
6.2100000000e+03 3.6738400000e-01
6.2110000000e+03 3.6827300000e-01
6.2120000000e+03 3.6916000000e-01
6.2130000000e+03 3.7004800000e-01
6.2140000000e+03 3.7093500000e-01
6.2150000000e+03 3.7182300000e-01
6.2160000000e+03 3.7271100000e-01
6.2170000000e+03 3.7359900000e-01
6.2180000000e+03 3.7448800000e-01
6.2190000000e+03 3.7537600000e-01
6.2200000000e+03 3.7626400000e-01
6.2210000000e+03 3.7902800000e-01
6.2220000000e+03 3.8179200000e-01
6.2230000000e+03 3.8455800000e-01
6.2240000000e+03 3.8732300000e-01
6.2250000000e+03 3.9009000000e-01
6.2260000000e+03 3.9285800000e-01
6.2270000000e+03 3.9562700000e-01
6.2280000000e+03 3.9839700000e-01
6.2290000000e+03 4.0116700000e-01
6.2300000000e+03 4.0393800000e-01
6.2310000000e+03 4.0489100000e-01
6.2320000000e+03 4.0584500000e-01
6.2330000000e+03 4.0679800000e-01
6.2340000000e+03 4.0775200000e-01
6.2350000000e+03 4.0870600000e-01
6.2360000000e+03 4.0965900000e-01
6.2370000000e+03 4.1061300000e-01
6.2380000000e+03 4.1156700000e-01
6.2390000000e+03 4.1252200000e-01
6.2400000000e+03 4.1347500000e-01
6.2410000000e+03 4.1518300000e-01
6.2420000000e+03 4.1689100000e-01
6.2430000000e+03 4.1859900000e-01
6.2440000000e+03 4.2030700000e-01
6.2450000000e+03 4.2201700000e-01
6.2460000000e+03 4.2372600000e-01
6.2470000000e+03 4.2543600000e-01
6.2480000000e+03 4.2714600000e-01
6.2490000000e+03 4.2885600000e-01
6.2500000000e+03 4.3056800000e-01
6.2510000000e+03 4.3053300000e-01
6.2520000000e+03 4.3049900000e-01
6.2530000000e+03 4.3046600000e-01
6.2540000000e+03 4.3043000000e-01
6.2550000000e+03 4.3039600000e-01
6.2560000000e+03 4.3036300000e-01
6.2570000000e+03 4.3032800000e-01
6.2580000000e+03 4.3029300000e-01
6.2590000000e+03 4.3025800000e-01
6.2600000000e+03 4.3022400000e-01
6.2610000000e+03 4.3055000000e-01
6.2620000000e+03 4.3087400000e-01
6.2630000000e+03 4.3119900000e-01
6.2640000000e+03 4.3152400000e-01
6.2650000000e+03 4.3184800000e-01
6.2660000000e+03 4.3217400000e-01
6.2670000000e+03 4.3249900000e-01
6.2680000000e+03 4.3282400000e-01
6.2690000000e+03 4.3315000000e-01
6.2700000000e+03 4.3347500000e-01
6.2710000000e+03 4.3413400000e-01
6.2720000000e+03 4.3479300000e-01
6.2730000000e+03 4.3545200000e-01
6.2740000000e+03 4.3611200000e-01
6.2750000000e+03 4.3677200000e-01
6.2760000000e+03 4.3743100000e-01
6.2770000000e+03 4.3809200000e-01
6.2780000000e+03 4.3875200000e-01
6.2790000000e+03 4.3941300000e-01
6.2800000000e+03 4.4007400000e-01
6.2810000000e+03 4.3864600000e-01
6.2820000000e+03 4.3721800000e-01
6.2830000000e+03 4.3578900000e-01
6.2840000000e+03 4.3436100000e-01
6.2850000000e+03 4.3293200000e-01
6.2860000000e+03 4.3150300000e-01
6.2870000000e+03 4.3007400000e-01
6.2880000000e+03 4.2864400000e-01
6.2890000000e+03 4.2721600000e-01
6.2900000000e+03 4.2578600000e-01
6.2910000000e+03 4.2629100000e-01
6.2920000000e+03 4.2679600000e-01
6.2930000000e+03 4.2730100000e-01
6.2940000000e+03 4.2780700000e-01
6.2950000000e+03 4.2831200000e-01
6.2960000000e+03 4.2881800000e-01
6.2970000000e+03 4.2932300000e-01
6.2980000000e+03 4.2982900000e-01
6.2990000000e+03 4.3033500000e-01
6.3000000000e+03 4.3084100000e-01
6.3010000000e+03 4.2978700000e-01
6.3020000000e+03 4.2873300000e-01
6.3030000000e+03 4.2768000000e-01
6.3040000000e+03 4.2662500000e-01
6.3050000000e+03 4.2557200000e-01
6.3060000000e+03 4.2451600000e-01
6.3070000000e+03 4.2346200000e-01
6.3080000000e+03 4.2240800000e-01
6.3090000000e+03 4.2135300000e-01
6.3100000000e+03 4.2029800000e-01
6.3110000000e+03 4.2052700000e-01
6.3120000000e+03 4.2075700000e-01
6.3130000000e+03 4.2098700000e-01
6.3140000000e+03 4.2121600000e-01
6.3150000000e+03 4.2144600000e-01
6.3160000000e+03 4.2167700000e-01
6.3170000000e+03 4.2190500000e-01
6.3180000000e+03 4.2213600000e-01
6.3190000000e+03 4.2236600000e-01
6.3200000000e+03 4.2259600000e-01
6.3210000000e+03 4.2213300000e-01
6.3220000000e+03 4.2167000000e-01
6.3230000000e+03 4.2120800000e-01
6.3240000000e+03 4.2074500000e-01
6.3250000000e+03 4.2028200000e-01
6.3260000000e+03 4.1981900000e-01
6.3270000000e+03 4.1935500000e-01
6.3280000000e+03 4.1889200000e-01
6.3290000000e+03 4.1842800000e-01
6.3300000000e+03 4.1796400000e-01
6.3310000000e+03 4.1886800000e-01
6.3320000000e+03 4.1977100000e-01
6.3330000000e+03 4.2067400000e-01
6.3340000000e+03 4.2157900000e-01
6.3350000000e+03 4.2248300000e-01
6.3360000000e+03 4.2338700000e-01
6.3370000000e+03 4.2429200000e-01
6.3380000000e+03 4.2519700000e-01
6.3390000000e+03 4.2610200000e-01
6.3400000000e+03 4.2700800000e-01
6.3410000000e+03 4.2637000000e-01
6.3420000000e+03 4.2573200000e-01
6.3430000000e+03 4.2509400000e-01
6.3440000000e+03 4.2445700000e-01
6.3450000000e+03 4.2381900000e-01
6.3460000000e+03 4.2318100000e-01
6.3470000000e+03 4.2254300000e-01
6.3480000000e+03 4.2190500000e-01
6.3490000000e+03 4.2126700000e-01
6.3500000000e+03 4.2063000000e-01
6.3510000000e+03 4.2436400000e-01
6.3520000000e+03 4.2809900000e-01
6.3530000000e+03 4.3183500000e-01
6.3540000000e+03 4.3557200000e-01
6.3550000000e+03 4.3931100000e-01
6.3560000000e+03 4.4305000000e-01
6.3570000000e+03 4.4679100000e-01
6.3580000000e+03 4.5053100000e-01
6.3590000000e+03 4.5427400000e-01
6.3600000000e+03 4.5801700000e-01
6.3610000000e+03 4.5385500000e-01
6.3620000000e+03 4.4969200000e-01
6.3630000000e+03 4.4552900000e-01
6.3640000000e+03 4.4136500000e-01
6.3650000000e+03 4.3720000000e-01
6.3660000000e+03 4.3303500000e-01
6.3670000000e+03 4.2886900000e-01
6.3680000000e+03 4.2470200000e-01
6.3690000000e+03 4.2053500000e-01
6.3700000000e+03 4.1636700000e-01
6.3710000000e+03 4.1789800000e-01
6.3720000000e+03 4.1943100000e-01
6.3730000000e+03 4.2096300000e-01
6.3740000000e+03 4.2249700000e-01
6.3750000000e+03 4.2403100000e-01
6.3760000000e+03 4.2556600000e-01
6.3770000000e+03 4.2710000000e-01
6.3780000000e+03 4.2863600000e-01
6.3790000000e+03 4.3017300000e-01
6.3800000000e+03 4.3170900000e-01
6.3810000000e+03 4.2759200000e-01
6.3820000000e+03 4.2347300000e-01
6.3830000000e+03 4.1935300000e-01
6.3840000000e+03 4.1523300000e-01
6.3850000000e+03 4.1111000000e-01
6.3860000000e+03 4.0698600000e-01
6.3870000000e+03 4.0286200000e-01
6.3880000000e+03 3.9873700000e-01
6.3890000000e+03 3.9461000000e-01
6.3900000000e+03 3.9048100000e-01
6.3910000000e+03 3.9175100000e-01
6.3920000000e+03 3.9302100000e-01
6.3930000000e+03 3.9429200000e-01
6.3940000000e+03 3.9556100000e-01
6.3950000000e+03 3.9683100000e-01
6.3960000000e+03 3.9810100000e-01
6.3970000000e+03 3.9937200000e-01
6.3980000000e+03 4.0064300000e-01
6.3990000000e+03 4.0191300000e-01
6.4000000000e+03 4.0318600000e-01
6.4010000000e+03 4.0167500000e-01
6.4020000000e+03 4.0016600000e-01
6.4030000000e+03 3.9865600000e-01
6.4040000000e+03 3.9714600000e-01
6.4050000000e+03 3.9563600000e-01
6.4060000000e+03 3.9412500000e-01
6.4070000000e+03 3.9261500000e-01
6.4080000000e+03 3.9110400000e-01
6.4090000000e+03 3.8959100000e-01
6.4100000000e+03 3.8807900000e-01
6.4110000000e+03 3.9062800000e-01
6.4120000000e+03 3.9317900000e-01
6.4130000000e+03 3.9573000000e-01
6.4140000000e+03 3.9828200000e-01
6.4150000000e+03 4.0083500000e-01
6.4160000000e+03 4.0338700000e-01
6.4170000000e+03 4.0594100000e-01
6.4180000000e+03 4.0849600000e-01
6.4190000000e+03 4.1105100000e-01
6.4200000000e+03 4.1360700000e-01
6.4210000000e+03 4.1183400000e-01
6.4220000000e+03 4.1006000000e-01
6.4230000000e+03 4.0828800000e-01
6.4240000000e+03 4.0651400000e-01
6.4250000000e+03 4.0474100000e-01
6.4260000000e+03 4.0296600000e-01
6.4270000000e+03 4.0119300000e-01
6.4280000000e+03 3.9942000000e-01
6.4290000000e+03 3.9764700000e-01
6.4300000000e+03 3.9587300000e-01
6.4310000000e+03 3.9999000000e-01
6.4320000000e+03 4.0410800000e-01
6.4330000000e+03 4.0822600000e-01
6.4340000000e+03 4.1234500000e-01
6.4350000000e+03 4.1646400000e-01
6.4360000000e+03 4.2058300000e-01
6.4370000000e+03 4.2470300000e-01
6.4380000000e+03 4.2882300000e-01
6.4390000000e+03 4.3294300000e-01
6.4400000000e+03 4.3706500000e-01
6.4410000000e+03 4.3545300000e-01
6.4420000000e+03 4.3384000000e-01
6.4430000000e+03 4.3222800000e-01
6.4440000000e+03 4.3061600000e-01
6.4450000000e+03 4.2900200000e-01
6.4460000000e+03 4.2739000000e-01
6.4470000000e+03 4.2577600000e-01
6.4480000000e+03 4.2416200000e-01
6.4490000000e+03 4.2254900000e-01
6.4500000000e+03 4.2093500000e-01
6.4510000000e+03 4.2482300000e-01
6.4520000000e+03 4.2871400000e-01
6.4530000000e+03 4.3260400000e-01
6.4540000000e+03 4.3649300000e-01
6.4550000000e+03 4.4038600000e-01
6.4560000000e+03 4.4427700000e-01
6.4570000000e+03 4.4817000000e-01
6.4580000000e+03 4.5206300000e-01
6.4590000000e+03 4.5595700000e-01
6.4600000000e+03 4.5985100000e-01
6.4610000000e+03 4.5697100000e-01
6.4620000000e+03 4.5409100000e-01
6.4630000000e+03 4.5121100000e-01
6.4640000000e+03 4.4833100000e-01
6.4650000000e+03 4.4545100000e-01
6.4660000000e+03 4.4257200000e-01
6.4670000000e+03 4.3969300000e-01
6.4680000000e+03 4.3681400000e-01
6.4690000000e+03 4.3393600000e-01
6.4700000000e+03 4.3105700000e-01
6.4710000000e+03 4.3395900000e-01
6.4720000000e+03 4.3686300000e-01
6.4730000000e+03 4.3976500000e-01
6.4740000000e+03 4.4266900000e-01
6.4750000000e+03 4.4557400000e-01
6.4760000000e+03 4.4847900000e-01
6.4770000000e+03 4.5138400000e-01
6.4780000000e+03 4.5429000000e-01
6.4790000000e+03 4.5719600000e-01
6.4800000000e+03 4.6010400000e-01
6.4810000000e+03 4.5666800000e-01
6.4820000000e+03 4.5323400000e-01
6.4830000000e+03 4.4979800000e-01
6.4840000000e+03 4.4636200000e-01
6.4850000000e+03 4.4292800000e-01
6.4860000000e+03 4.3949300000e-01
6.4870000000e+03 4.3605900000e-01
6.4880000000e+03 4.3262400000e-01
6.4890000000e+03 4.2919000000e-01
6.4900000000e+03 4.2575500000e-01
6.4910000000e+03 4.2781200000e-01
6.4920000000e+03 4.2986900000e-01
6.4930000000e+03 4.3192400000e-01
6.4940000000e+03 4.3398300000e-01
6.4950000000e+03 4.3604000000e-01
6.4960000000e+03 4.3809700000e-01
6.4970000000e+03 4.4015500000e-01
6.4980000000e+03 4.4221200000e-01
6.4990000000e+03 4.4427100000e-01
6.5000000000e+03 4.4632800000e-01
6.5010000000e+03 4.4228300000e-01
6.5020000000e+03 4.3823600000e-01
6.5030000000e+03 4.3418900000e-01
6.5040000000e+03 4.3014100000e-01
6.5050000000e+03 4.2609200000e-01
6.5060000000e+03 4.2204200000e-01
6.5070000000e+03 4.1799200000e-01
6.5080000000e+03 4.1394100000e-01
6.5090000000e+03 4.0988900000e-01
6.5100000000e+03 4.0583600000e-01
6.5110000000e+03 4.0696600000e-01
6.5120000000e+03 4.0809600000e-01
6.5130000000e+03 4.0922700000e-01
6.5140000000e+03 4.1035700000e-01
6.5150000000e+03 4.1148800000e-01
6.5160000000e+03 4.1261800000e-01
6.5170000000e+03 4.1374900000e-01
6.5180000000e+03 4.1487900000e-01
6.5190000000e+03 4.1601000000e-01
6.5200000000e+03 4.1714100000e-01
6.5210000000e+03 4.1494000000e-01
6.5220000000e+03 4.1274000000e-01
6.5230000000e+03 4.1054000000e-01
6.5240000000e+03 4.0833900000e-01
6.5250000000e+03 4.0613900000e-01
6.5260000000e+03 4.0394000000e-01
6.5270000000e+03 4.0174000000e-01
6.5280000000e+03 3.9954000000e-01
6.5290000000e+03 3.9734100000e-01
6.5300000000e+03 3.9514200000e-01
6.5310000000e+03 3.9812800000e-01
6.5320000000e+03 4.0111500000e-01
6.5330000000e+03 4.0410100000e-01
6.5340000000e+03 4.0708700000e-01
6.5350000000e+03 4.1007300000e-01
6.5360000000e+03 4.1305900000e-01
6.5370000000e+03 4.1604700000e-01
6.5380000000e+03 4.1903300000e-01
6.5390000000e+03 4.2202000000e-01
6.5400000000e+03 4.2500700000e-01
6.5410000000e+03 4.2243000000e-01
6.5420000000e+03 4.1985200000e-01
6.5430000000e+03 4.1727400000e-01
6.5440000000e+03 4.1469400000e-01
6.5450000000e+03 4.1211400000e-01
6.5460000000e+03 4.0953200000e-01
6.5470000000e+03 4.0695000000e-01
6.5480000000e+03 4.0436700000e-01
6.5490000000e+03 4.0178300000e-01
6.5500000000e+03 3.9919600000e-01
6.5510000000e+03 4.0286800000e-01
6.5520000000e+03 4.0653800000e-01
6.5530000000e+03 4.1020900000e-01
6.5540000000e+03 4.1388000000e-01
6.5550000000e+03 4.1755000000e-01
6.5560000000e+03 4.2121900000e-01
6.5570000000e+03 4.2489100000e-01
6.5580000000e+03 4.2856000000e-01
6.5590000000e+03 4.3223000000e-01
6.5600000000e+03 4.3589900000e-01
6.5610000000e+03 4.3381700000e-01
6.5620000000e+03 4.3173300000e-01
6.5630000000e+03 4.2965100000e-01
6.5640000000e+03 4.2756700000e-01
6.5650000000e+03 4.2548300000e-01
6.5660000000e+03 4.2339800000e-01
6.5670000000e+03 4.2131200000e-01
6.5680000000e+03 4.1922700000e-01
6.5690000000e+03 4.1714100000e-01
6.5700000000e+03 4.1505500000e-01
6.5710000000e+03 4.1653600000e-01
6.5720000000e+03 4.1801400000e-01
6.5730000000e+03 4.1949500000e-01
6.5740000000e+03 4.2097500000e-01
6.5750000000e+03 4.2245600000e-01
6.5760000000e+03 4.2393600000e-01
6.5770000000e+03 4.2541600000e-01
6.5780000000e+03 4.2689500000e-01
6.5790000000e+03 4.2837600000e-01
6.5800000000e+03 4.2985500000e-01
6.5810000000e+03 4.2830000000e-01
6.5820000000e+03 4.2674200000e-01
6.5830000000e+03 4.2518500000e-01
6.5840000000e+03 4.2362900000e-01
6.5850000000e+03 4.2207200000e-01
6.5860000000e+03 4.2051400000e-01
6.5870000000e+03 4.1895600000e-01
6.5880000000e+03 4.1739900000e-01
6.5890000000e+03 4.1584100000e-01
6.5900000000e+03 4.1428300000e-01
6.5910000000e+03 4.1478300000e-01
6.5920000000e+03 4.1528200000e-01
6.5930000000e+03 4.1578100000e-01
6.5940000000e+03 4.1628000000e-01
6.5950000000e+03 4.1678000000e-01
6.5960000000e+03 4.1728000000e-01
6.5970000000e+03 4.1777800000e-01
6.5980000000e+03 4.1827900000e-01
6.5990000000e+03 4.1877800000e-01
6.6000000000e+03 4.1927700000e-01
6.6010000000e+03 4.1680500000e-01
6.6020000000e+03 4.1433200000e-01
6.6030000000e+03 4.1185900000e-01
6.6040000000e+03 4.0938500000e-01
6.6050000000e+03 4.0691100000e-01
6.6060000000e+03 4.0443700000e-01
6.6070000000e+03 4.0196200000e-01
6.6080000000e+03 3.9948600000e-01
6.6090000000e+03 3.9701100000e-01
6.6100000000e+03 3.9453600000e-01
6.6110000000e+03 3.9642900000e-01
6.6120000000e+03 3.9832200000e-01
6.6130000000e+03 4.0021600000e-01
6.6140000000e+03 4.0210900000e-01
6.6150000000e+03 4.0400300000e-01
6.6160000000e+03 4.0589700000e-01
6.6170000000e+03 4.0779000000e-01
6.6180000000e+03 4.0968300000e-01
6.6190000000e+03 4.1157700000e-01
6.6200000000e+03 4.1347000000e-01
6.6210000000e+03 4.1372600000e-01
6.6220000000e+03 4.1398100000e-01
6.6230000000e+03 4.1423600000e-01
6.6240000000e+03 4.1449200000e-01
6.6250000000e+03 4.1474800000e-01
6.6260000000e+03 4.1500300000e-01
6.6270000000e+03 4.1525900000e-01
6.6280000000e+03 4.1551400000e-01
6.6290000000e+03 4.1577000000e-01
6.6300000000e+03 4.1602600000e-01
6.6310000000e+03 4.1583200000e-01
6.6320000000e+03 4.1563800000e-01
6.6330000000e+03 4.1544300000e-01
6.6340000000e+03 4.1524800000e-01
6.6350000000e+03 4.1505400000e-01
6.6360000000e+03 4.1486000000e-01
6.6370000000e+03 4.1466500000e-01
6.6380000000e+03 4.1447100000e-01
6.6390000000e+03 4.1427700000e-01
6.6400000000e+03 4.1408200000e-01
6.6410000000e+03 4.1733100000e-01
6.6420000000e+03 4.2058000000e-01
6.6430000000e+03 4.2382800000e-01
6.6440000000e+03 4.2707800000e-01
6.6450000000e+03 4.3032800000e-01
6.6460000000e+03 4.3357700000e-01
6.6470000000e+03 4.3682700000e-01
6.6480000000e+03 4.4007700000e-01
6.6490000000e+03 4.4332700000e-01
6.6500000000e+03 4.4657700000e-01
6.6510000000e+03 4.4431200000e-01
6.6520000000e+03 4.4204500000e-01
6.6530000000e+03 4.3978000000e-01
6.6540000000e+03 4.3751500000e-01
6.6550000000e+03 4.3525000000e-01
6.6560000000e+03 4.3298400000e-01
6.6570000000e+03 4.3071800000e-01
6.6580000000e+03 4.2845400000e-01
6.6590000000e+03 4.2618900000e-01
6.6600000000e+03 4.2392400000e-01
6.6610000000e+03 4.2762300000e-01
6.6620000000e+03 4.3132300000e-01
6.6630000000e+03 4.3502400000e-01
6.6640000000e+03 4.3872600000e-01
6.6650000000e+03 4.4242800000e-01
6.6660000000e+03 4.4613100000e-01
6.6670000000e+03 4.4983500000e-01
6.6680000000e+03 4.5354000000e-01
6.6690000000e+03 4.5724400000e-01
6.6700000000e+03 4.6095100000e-01
6.6710000000e+03 4.5833900000e-01
6.6720000000e+03 4.5572700000e-01
6.6730000000e+03 4.5311600000e-01
6.6740000000e+03 4.5050500000e-01
6.6750000000e+03 4.4789400000e-01
6.6760000000e+03 4.4528500000e-01
6.6770000000e+03 4.4267400000e-01
6.6780000000e+03 4.4006400000e-01
6.6790000000e+03 4.3745500000e-01
6.6800000000e+03 4.3484600000e-01
6.6810000000e+03 4.3819200000e-01
6.6820000000e+03 4.4153900000e-01
6.6830000000e+03 4.4488600000e-01
6.6840000000e+03 4.4823400000e-01
6.6850000000e+03 4.5158300000e-01
6.6860000000e+03 4.5493200000e-01
6.6870000000e+03 4.5828100000e-01
6.6880000000e+03 4.6163100000e-01
6.6890000000e+03 4.6498200000e-01
6.6900000000e+03 4.6833400000e-01
6.6910000000e+03 4.6426400000e-01
6.6920000000e+03 4.6019400000e-01
6.6930000000e+03 4.5612300000e-01
6.6940000000e+03 4.5205200000e-01
6.6950000000e+03 4.4798100000e-01
6.6960000000e+03 4.4391000000e-01
6.6970000000e+03 4.3984000000e-01
6.6980000000e+03 4.3576900000e-01
6.6990000000e+03 4.3169600000e-01
6.7000000000e+03 4.2762400000e-01
6.7010000000e+03 4.2909800000e-01
6.7020000000e+03 4.3057100000e-01
6.7030000000e+03 4.3204400000e-01
6.7040000000e+03 4.3351600000e-01
6.7050000000e+03 4.3498900000e-01
6.7060000000e+03 4.3646300000e-01
6.7070000000e+03 4.3793500000e-01
6.7080000000e+03 4.3940900000e-01
6.7090000000e+03 4.4088100000e-01
6.7100000000e+03 4.4235400000e-01
6.7110000000e+03 4.4013500000e-01
6.7120000000e+03 4.3791400000e-01
6.7130000000e+03 4.3569500000e-01
6.7140000000e+03 4.3347300000e-01
6.7150000000e+03 4.3125300000e-01
6.7160000000e+03 4.2903000000e-01
6.7170000000e+03 4.2680800000e-01
6.7180000000e+03 4.2458500000e-01
6.7190000000e+03 4.2236100000e-01
6.7200000000e+03 4.2013800000e-01
6.7210000000e+03 4.2044000000e-01
6.7220000000e+03 4.2074200000e-01
6.7230000000e+03 4.2104300000e-01
6.7240000000e+03 4.2134400000e-01
6.7250000000e+03 4.2164600000e-01
6.7260000000e+03 4.2194800000e-01
6.7270000000e+03 4.2225000000e-01
6.7280000000e+03 4.2255100000e-01
6.7290000000e+03 4.2285400000e-01
6.7300000000e+03 4.2315600000e-01
6.7310000000e+03 4.2171500000e-01
6.7320000000e+03 4.2027600000e-01
6.7330000000e+03 4.1883600000e-01
6.7340000000e+03 4.1739700000e-01
6.7350000000e+03 4.1595700000e-01
6.7360000000e+03 4.1451700000e-01
6.7370000000e+03 4.1307900000e-01
6.7380000000e+03 4.1164000000e-01
6.7390000000e+03 4.1020100000e-01
6.7400000000e+03 4.0876200000e-01
6.7410000000e+03 4.1126300000e-01
6.7420000000e+03 4.1376300000e-01
6.7430000000e+03 4.1626200000e-01
6.7440000000e+03 4.1876400000e-01
6.7450000000e+03 4.2126400000e-01
6.7460000000e+03 4.2376500000e-01
6.7470000000e+03 4.2626500000e-01
6.7480000000e+03 4.2876600000e-01
6.7490000000e+03 4.3126600000e-01
6.7500000000e+03 4.3376600000e-01
6.7510000000e+03 4.3138700000e-01
6.7520000000e+03 4.2900800000e-01
6.7530000000e+03 4.2662700000e-01
6.7540000000e+03 4.2424700000e-01
6.7550000000e+03 4.2186500000e-01
6.7560000000e+03 4.1948400000e-01
6.7570000000e+03 4.1710100000e-01
6.7580000000e+03 4.1471900000e-01
6.7590000000e+03 4.1233600000e-01
6.7600000000e+03 4.0995200000e-01
6.7610000000e+03 4.0944900000e-01
6.7620000000e+03 4.0894400000e-01
6.7630000000e+03 4.0844000000e-01
6.7640000000e+03 4.0793600000e-01
6.7650000000e+03 4.0743200000e-01
6.7660000000e+03 4.0692800000e-01
6.7670000000e+03 4.0642500000e-01
6.7680000000e+03 4.0592100000e-01
6.7690000000e+03 4.0541700000e-01
6.7700000000e+03 4.0491400000e-01
6.7710000000e+03 4.1003600000e-01
6.7720000000e+03 4.1516100000e-01
6.7730000000e+03 4.2028500000e-01
6.7740000000e+03 4.2540800000e-01
6.7750000000e+03 4.3053400000e-01
6.7760000000e+03 4.3565800000e-01
6.7770000000e+03 4.4078400000e-01
6.7780000000e+03 4.4590900000e-01
6.7790000000e+03 4.5103500000e-01
6.7800000000e+03 4.5616200000e-01
6.7810000000e+03 4.5157500000e-01
6.7820000000e+03 4.4698800000e-01
6.7830000000e+03 4.4240000000e-01
6.7840000000e+03 4.3781200000e-01
6.7850000000e+03 4.3322500000e-01
6.7860000000e+03 4.2863600000e-01
6.7870000000e+03 4.2404900000e-01
6.7880000000e+03 4.1945900000e-01
6.7890000000e+03 4.1487100000e-01
6.7900000000e+03 4.1028100000e-01
6.7910000000e+03 4.1385400000e-01
6.7920000000e+03 4.1742700000e-01
6.7930000000e+03 4.2099900000e-01
6.7940000000e+03 4.2457100000e-01
6.7950000000e+03 4.2814200000e-01
6.7960000000e+03 4.3171400000e-01
6.7970000000e+03 4.3528500000e-01
6.7980000000e+03 4.3885600000e-01
6.7990000000e+03 4.4242700000e-01
6.8000000000e+03 4.4599800000e-01
6.8010000000e+03 4.4269900000e-01
6.8020000000e+03 4.3940100000e-01
6.8030000000e+03 4.3610200000e-01
6.8040000000e+03 4.3280500000e-01
6.8050000000e+03 4.2950700000e-01
6.8060000000e+03 4.2620900000e-01
6.8070000000e+03 4.2291200000e-01
6.8080000000e+03 4.1961500000e-01
6.8090000000e+03 4.1631900000e-01
6.8100000000e+03 4.1302200000e-01
6.8110000000e+03 4.1356600000e-01
6.8120000000e+03 4.1410900000e-01
6.8130000000e+03 4.1465200000e-01
6.8140000000e+03 4.1519500000e-01
6.8150000000e+03 4.1573800000e-01
6.8160000000e+03 4.1628100000e-01
6.8170000000e+03 4.1682400000e-01
6.8180000000e+03 4.1736600000e-01
6.8190000000e+03 4.1790900000e-01
6.8200000000e+03 4.1845300000e-01
6.8210000000e+03 4.1674300000e-01
6.8220000000e+03 4.1503400000e-01
6.8230000000e+03 4.1332500000e-01
6.8240000000e+03 4.1161600000e-01
6.8250000000e+03 4.0990600000e-01
6.8260000000e+03 4.0819700000e-01
6.8270000000e+03 4.0648700000e-01
6.8280000000e+03 4.0477800000e-01
6.8290000000e+03 4.0306900000e-01
6.8300000000e+03 4.0135900000e-01
6.8310000000e+03 4.0389900000e-01
6.8320000000e+03 4.0643900000e-01
6.8330000000e+03 4.0898000000e-01
6.8340000000e+03 4.1152100000e-01
6.8350000000e+03 4.1406100000e-01
6.8360000000e+03 4.1660100000e-01
6.8370000000e+03 4.1914100000e-01
6.8380000000e+03 4.2168200000e-01
6.8390000000e+03 4.2422100000e-01
6.8400000000e+03 4.2676300000e-01
6.8410000000e+03 4.2437900000e-01
6.8420000000e+03 4.2199700000e-01
6.8430000000e+03 4.1961500000e-01
6.8440000000e+03 4.1723300000e-01
6.8450000000e+03 4.1485200000e-01
6.8460000000e+03 4.1247200000e-01
6.8470000000e+03 4.1009100000e-01
6.8480000000e+03 4.0771200000e-01
6.8490000000e+03 4.0533400000e-01
6.8500000000e+03 4.0295400000e-01
6.8510000000e+03 4.0593100000e-01
6.8520000000e+03 4.0890800000e-01
6.8530000000e+03 4.1188500000e-01
6.8540000000e+03 4.1486100000e-01
6.8550000000e+03 4.1783700000e-01
6.8560000000e+03 4.2081300000e-01
6.8570000000e+03 4.2379000000e-01
6.8580000000e+03 4.2676600000e-01
6.8590000000e+03 4.2974200000e-01
6.8600000000e+03 4.3271800000e-01
6.8610000000e+03 4.3078900000e-01
6.8620000000e+03 4.2885900000e-01
6.8630000000e+03 4.2692900000e-01
6.8640000000e+03 4.2499900000e-01
6.8650000000e+03 4.2306900000e-01
6.8660000000e+03 4.2113800000e-01
6.8670000000e+03 4.1920700000e-01
6.8680000000e+03 4.1727600000e-01
6.8690000000e+03 4.1534500000e-01
6.8700000000e+03 4.1341400000e-01
6.8710000000e+03 4.1550600000e-01
6.8720000000e+03 4.1759800000e-01
6.8730000000e+03 4.1969000000e-01
6.8740000000e+03 4.2178300000e-01
6.8750000000e+03 4.2387400000e-01
6.8760000000e+03 4.2596700000e-01
6.8770000000e+03 4.2805800000e-01
6.8780000000e+03 4.3015000000e-01
6.8790000000e+03 4.3224000000e-01
6.8800000000e+03 4.3433100000e-01
6.8810000000e+03 4.3136800000e-01
6.8820000000e+03 4.2840500000e-01
6.8830000000e+03 4.2544100000e-01
6.8840000000e+03 4.2247700000e-01
6.8850000000e+03 4.1951400000e-01
6.8860000000e+03 4.1655100000e-01
6.8870000000e+03 4.1358700000e-01
6.8880000000e+03 4.1062300000e-01
6.8890000000e+03 4.0765900000e-01
6.8900000000e+03 4.0469600000e-01
6.8910000000e+03 4.0555000000e-01
6.8920000000e+03 4.0640400000e-01
6.8930000000e+03 4.0725800000e-01
6.8940000000e+03 4.0811100000e-01
6.8950000000e+03 4.0896400000e-01
6.8960000000e+03 4.0981800000e-01
6.8970000000e+03 4.1067200000e-01
6.8980000000e+03 4.1152400000e-01
6.8990000000e+03 4.1237700000e-01
6.9000000000e+03 4.1323000000e-01
6.9010000000e+03 4.0942100000e-01
6.9020000000e+03 4.0561000000e-01
6.9030000000e+03 4.0180100000e-01
6.9040000000e+03 3.9799100000e-01
6.9050000000e+03 3.9418200000e-01
6.9060000000e+03 3.9037200000e-01
6.9070000000e+03 3.8656400000e-01
6.9080000000e+03 3.8275600000e-01
6.9090000000e+03 3.7894800000e-01
6.9100000000e+03 3.7514000000e-01
6.9110000000e+03 3.7645800000e-01
6.9120000000e+03 3.7777500000e-01
6.9130000000e+03 3.7909300000e-01
6.9140000000e+03 3.8041100000e-01
6.9150000000e+03 3.8172800000e-01
6.9160000000e+03 3.8304700000e-01
6.9170000000e+03 3.8436500000e-01
6.9180000000e+03 3.8568400000e-01
6.9190000000e+03 3.8700200000e-01
6.9200000000e+03 3.8832100000e-01
6.9210000000e+03 3.8502300000e-01
6.9220000000e+03 3.8172400000e-01
6.9230000000e+03 3.7842600000e-01
6.9240000000e+03 3.7512800000e-01
6.9250000000e+03 3.7182900000e-01
6.9260000000e+03 3.6853200000e-01
6.9270000000e+03 3.6523500000e-01
6.9280000000e+03 3.6193700000e-01
6.9290000000e+03 3.5864100000e-01
6.9300000000e+03 3.5534400000e-01
6.9310000000e+03 3.5835500000e-01
6.9320000000e+03 3.6136600000e-01
6.9330000000e+03 3.6437500000e-01
6.9340000000e+03 3.6738400000e-01
6.9350000000e+03 3.7039200000e-01
6.9360000000e+03 3.7340000000e-01
6.9370000000e+03 3.7640600000e-01
6.9380000000e+03 3.7941200000e-01
6.9390000000e+03 3.8241800000e-01
6.9400000000e+03 3.8542300000e-01
6.9410000000e+03 3.8351100000e-01
6.9420000000e+03 3.8159900000e-01
6.9430000000e+03 3.7968700000e-01
6.9440000000e+03 3.7777500000e-01
6.9450000000e+03 3.7586300000e-01
6.9460000000e+03 3.7395000000e-01
6.9470000000e+03 3.7203800000e-01
6.9480000000e+03 3.7012400000e-01
6.9490000000e+03 3.6821100000e-01
6.9500000000e+03 3.6629700000e-01
6.9510000000e+03 3.7034800000e-01
6.9520000000e+03 3.7439600000e-01
6.9530000000e+03 3.7844400000e-01
6.9540000000e+03 3.8249000000e-01
6.9550000000e+03 3.8653500000e-01
6.9560000000e+03 3.9057800000e-01
6.9570000000e+03 3.9462000000e-01
6.9580000000e+03 3.9866200000e-01
6.9590000000e+03 4.0270200000e-01
6.9600000000e+03 4.0674000000e-01
6.9610000000e+03 4.0717600000e-01
6.9620000000e+03 4.0761300000e-01
6.9630000000e+03 4.0804900000e-01
6.9640000000e+03 4.0848500000e-01
6.9650000000e+03 4.0892100000e-01
6.9660000000e+03 4.0935700000e-01
6.9670000000e+03 4.0979200000e-01
6.9680000000e+03 4.1022700000e-01
6.9690000000e+03 4.1066300000e-01
6.9700000000e+03 4.1109700000e-01
6.9710000000e+03 4.1309000000e-01
6.9720000000e+03 4.1508200000e-01
6.9730000000e+03 4.1707400000e-01
6.9740000000e+03 4.1906500000e-01
6.9750000000e+03 4.2105600000e-01
6.9760000000e+03 4.2304800000e-01
6.9770000000e+03 4.2503800000e-01
6.9780000000e+03 4.2702900000e-01
6.9790000000e+03 4.2901900000e-01
6.9800000000e+03 4.3100800000e-01
6.9810000000e+03 4.2887900000e-01
6.9820000000e+03 4.2674800000e-01
6.9830000000e+03 4.2461800000e-01
6.9840000000e+03 4.2248700000e-01
6.9850000000e+03 4.2035500000e-01
6.9860000000e+03 4.1822300000e-01
6.9870000000e+03 4.1609100000e-01
6.9880000000e+03 4.1395900000e-01
6.9890000000e+03 4.1182600000e-01
6.9900000000e+03 4.0969300000e-01
6.9910000000e+03 4.1143600000e-01
6.9920000000e+03 4.1317800000e-01
6.9930000000e+03 4.1492000000e-01
6.9940000000e+03 4.1666200000e-01
6.9950000000e+03 4.1840400000e-01
6.9960000000e+03 4.2014500000e-01
6.9970000000e+03 4.2188600000e-01
6.9980000000e+03 4.2362800000e-01
6.9990000000e+03 4.2536900000e-01
7.0000000000e+03 4.2711000000e-01
7.0010000000e+03 4.2542600000e-01
7.0020000000e+03 4.2374200000e-01
7.0030000000e+03 4.2205800000e-01
7.0040000000e+03 4.2037600000e-01
7.0050000000e+03 4.1869300000e-01
7.0060000000e+03 4.1701000000e-01
7.0070000000e+03 4.1532800000e-01
7.0080000000e+03 4.1364700000e-01
7.0090000000e+03 4.1196500000e-01
7.0100000000e+03 4.1028400000e-01
7.0110000000e+03 4.1116300000e-01
7.0120000000e+03 4.1204300000e-01
7.0130000000e+03 4.1292100000e-01
7.0140000000e+03 4.1379900000e-01
7.0150000000e+03 4.1467600000e-01
7.0160000000e+03 4.1555400000e-01
7.0170000000e+03 4.1643000000e-01
7.0180000000e+03 4.1730700000e-01
7.0190000000e+03 4.1818400000e-01
7.0200000000e+03 4.1906000000e-01
7.0210000000e+03 4.1653100000e-01
7.0220000000e+03 4.1400200000e-01
7.0230000000e+03 4.1147300000e-01
7.0240000000e+03 4.0894500000e-01
7.0250000000e+03 4.0641700000e-01
7.0260000000e+03 4.0388800000e-01
7.0270000000e+03 4.0135900000e-01
7.0280000000e+03 3.9883200000e-01
7.0290000000e+03 3.9630400000e-01
7.0300000000e+03 3.9377700000e-01
7.0310000000e+03 3.9648900000e-01
7.0320000000e+03 3.9920100000e-01
7.0330000000e+03 4.0191200000e-01
7.0340000000e+03 4.0462300000e-01
7.0350000000e+03 4.0733400000e-01
7.0360000000e+03 4.1004500000e-01
7.0370000000e+03 4.1275300000e-01
7.0380000000e+03 4.1546300000e-01
7.0390000000e+03 4.1817200000e-01
7.0400000000e+03 4.2088100000e-01
7.0410000000e+03 4.1852000000e-01
7.0420000000e+03 4.1616100000e-01
7.0430000000e+03 4.1380200000e-01
7.0440000000e+03 4.1144200000e-01
7.0450000000e+03 4.0908400000e-01
7.0460000000e+03 4.0672600000e-01
7.0470000000e+03 4.0436900000e-01
7.0480000000e+03 4.0201100000e-01
7.0490000000e+03 3.9965500000e-01
7.0500000000e+03 3.9729900000e-01
7.0510000000e+03 4.0021600000e-01
7.0520000000e+03 4.0313300000e-01
7.0530000000e+03 4.0604900000e-01
7.0540000000e+03 4.0896500000e-01
7.0550000000e+03 4.1188000000e-01
7.0560000000e+03 4.1479400000e-01
7.0570000000e+03 4.1770800000e-01
7.0580000000e+03 4.2062100000e-01
7.0590000000e+03 4.2353300000e-01
7.0600000000e+03 4.2644500000e-01
7.0610000000e+03 4.2379900000e-01
7.0620000000e+03 4.2115200000e-01
7.0630000000e+03 4.1850700000e-01
7.0640000000e+03 4.1586200000e-01
7.0650000000e+03 4.1322000000e-01
7.0660000000e+03 4.1057700000e-01
7.0670000000e+03 4.0793500000e-01
7.0680000000e+03 4.0529400000e-01
7.0690000000e+03 4.0265400000e-01
7.0700000000e+03 4.0001500000e-01
7.0710000000e+03 3.9437000000e-01
7.0720000000e+03 3.8872700000e-01
7.0730000000e+03 3.8308400000e-01
7.0740000000e+03 3.7744200000e-01
7.0750000000e+03 3.7180000000e-01
7.0760000000e+03 3.6616000000e-01
7.0770000000e+03 3.6051900000e-01
7.0780000000e+03 3.5488000000e-01
7.0790000000e+03 3.4924000000e-01
7.0800000000e+03 3.4360200000e-01
7.0810000000e+03 3.2982000000e-01
7.0820000000e+03 3.1604000000e-01
7.0830000000e+03 3.0226200000e-01
7.0840000000e+03 2.8848400000e-01
7.0850000000e+03 2.7470900000e-01
7.0860000000e+03 2.6093600000e-01
7.0870000000e+03 2.4716500000e-01
7.0880000000e+03 2.3339500000e-01
7.0890000000e+03 2.1962800000e-01
7.0900000000e+03 2.0586200000e-01
7.0910000000e+03 1.9719800000e-01
7.0920000000e+03 1.8853800000e-01
7.0930000000e+03 1.7988100000e-01
7.0940000000e+03 1.7122700000e-01
7.0950000000e+03 1.6257700000e-01
7.0960000000e+03 1.5393000000e-01
7.0970000000e+03 1.4528600000e-01
7.0980000000e+03 1.3664500000e-01
7.0990000000e+03 1.2800700000e-01
7.1000000000e+03 1.1937300000e-01
7.1010000000e+03 1.1431700000e-01
7.1020000000e+03 1.0926200000e-01
7.1030000000e+03 1.0421000000e-01
7.1040000000e+03 9.9158100000e-02
7.1050000000e+03 9.4107900000e-02
7.1060000000e+03 8.9059500000e-02
7.1070000000e+03 8.4012300000e-02
7.1080000000e+03 7.8966800000e-02
7.1090000000e+03 7.3922800000e-02
7.1100000000e+03 6.8880100000e-02
7.1110000000e+03 6.6686100000e-02
7.1120000000e+03 6.4492400000e-02
7.1130000000e+03 6.2298900000e-02
7.1140000000e+03 6.0105800000e-02
7.1150000000e+03 5.7913100000e-02
7.1160000000e+03 5.5720700000e-02
7.1170000000e+03 5.3528700000e-02
7.1180000000e+03 5.1336900000e-02
7.1190000000e+03 4.9145500000e-02
7.1200000000e+03 4.6954400000e-02
7.1210000000e+03 4.5606800000e-02
7.1220000000e+03 4.4259300000e-02
7.1230000000e+03 4.2911900000e-02
7.1240000000e+03 4.1564600000e-02
7.1250000000e+03 4.0217400000e-02
7.1260000000e+03 3.8870300000e-02
7.1270000000e+03 3.7523200000e-02
7.1280000000e+03 3.6176300000e-02
7.1290000000e+03 3.4829500000e-02
7.1300000000e+03 3.3482700000e-02
7.1310000000e+03 3.2875100000e-02
7.1320000000e+03 3.2267600000e-02
7.1330000000e+03 3.1660100000e-02
7.1340000000e+03 3.1052800000e-02
7.1350000000e+03 3.0445700000e-02
7.1360000000e+03 2.9838600000e-02
7.1370000000e+03 2.9231800000e-02
7.1380000000e+03 2.8625100000e-02
7.1390000000e+03 2.8018400000e-02
7.1400000000e+03 2.7411900000e-02
7.1410000000e+03 2.6776200000e-02
7.1420000000e+03 2.6140600000e-02
7.1430000000e+03 2.5505100000e-02
7.1440000000e+03 2.4869900000e-02
7.1450000000e+03 2.4234700000e-02
7.1460000000e+03 2.3599800000e-02
7.1470000000e+03 2.2965000000e-02
7.1480000000e+03 2.2330300000e-02
7.1490000000e+03 2.1695900000e-02
7.1500000000e+03 2.1061500000e-02
7.1510000000e+03 2.0436800000e-02
7.1520000000e+03 1.9812200000e-02
7.1530000000e+03 1.9187800000e-02
7.1540000000e+03 1.8563700000e-02
7.1550000000e+03 1.7939800000e-02
7.1560000000e+03 1.7316000000e-02
7.1570000000e+03 1.6692600000e-02
7.1580000000e+03 1.6069300000e-02
7.1590000000e+03 1.5446200000e-02
7.1600000000e+03 1.4823400000e-02
7.1610000000e+03 1.4213200000e-02
7.1620000000e+03 1.3603100000e-02
7.1630000000e+03 1.2993000000e-02
7.1640000000e+03 1.2382900000e-02
7.1650000000e+03 1.1772900000e-02
7.1660000000e+03 1.1162900000e-02
7.1670000000e+03 1.0552900000e-02
7.1680000000e+03 9.9429500000e-03
7.1690000000e+03 9.3330700000e-03
7.1700000000e+03 8.7232300000e-03
7.1710000000e+03 8.2887300000e-03
7.1720000000e+03 7.8542800000e-03
7.1730000000e+03 7.4199700000e-03
7.1740000000e+03 6.9857600000e-03
7.1750000000e+03 6.5516300000e-03
7.1760000000e+03 6.1175900000e-03
7.1770000000e+03 5.6836700000e-03
7.1780000000e+03 5.2498400000e-03
7.1790000000e+03 4.8161000000e-03
7.1800000000e+03 4.3824600000e-03
7.1810000000e+03 4.1898700000e-03
7.1820000000e+03 3.9973300000e-03
7.1830000000e+03 3.8048200000e-03
7.1840000000e+03 3.6123400000e-03
7.1850000000e+03 3.4199100000e-03
7.1860000000e+03 3.2275200000e-03
7.1870000000e+03 3.0351600000e-03
7.1880000000e+03 2.8428300000e-03
7.1890000000e+03 2.6505500000e-03
7.1900000000e+03 2.4583100000e-03
7.1910000000e+03 2.3831000000e-03
7.1920000000e+03 2.3079200000e-03
7.1930000000e+03 2.2327400000e-03
7.1940000000e+03 2.1575900000e-03
7.1950000000e+03 2.0824500000e-03
7.1960000000e+03 2.0073400000e-03
7.1970000000e+03 1.9322400000e-03
7.1980000000e+03 1.8571600000e-03
7.1990000000e+03 1.7821000000e-03
7.2000000000e+03 1.7070500000e-03
7.2010000000e+03 1.6319900000e-03
7.2020000000e+03 1.5569400000e-03
7.2030000000e+03 1.4819200000e-03
7.2040000000e+03 1.4069100000e-03
7.2050000000e+03 1.3319300000e-03
7.2060000000e+03 1.2569700000e-03
7.2070000000e+03 1.1820400000e-03
7.2080000000e+03 1.1071300000e-03
7.2090000000e+03 1.0322300000e-03
7.2100000000e+03 9.5736000000e-04
7.2110000000e+03 9.3892200000e-04
7.2120000000e+03 9.2049100000e-04
7.2130000000e+03 9.0206900000e-04
7.2140000000e+03 8.8365300000e-04
7.2150000000e+03 8.6524600000e-04
7.2160000000e+03 8.4684700000e-04
7.2170000000e+03 8.2845400000e-04
7.2180000000e+03 8.1007000000e-04
7.2190000000e+03 7.9169500000e-04
7.2200000000e+03 7.7332600000e-04
7.2210000000e+03 7.5496600000e-04
7.2220000000e+03 7.3661300000e-04
7.2230000000e+03 7.1826700000e-04
7.2240000000e+03 6.9993000000e-04
7.2250000000e+03 6.8160000000e-04
7.2260000000e+03 6.6327900000e-04
7.2270000000e+03 6.4496500000e-04
7.2280000000e+03 6.2665900000e-04
7.2290000000e+03 6.0836100000e-04
7.2300000000e+03 5.9007200000e-04
7.2310000000e+03 5.7183400000e-04
7.2320000000e+03 5.5360300000e-04
7.2330000000e+03 5.3537600000e-04
7.2340000000e+03 5.1715400000e-04
7.2350000000e+03 4.9893700000e-04
7.2360000000e+03 4.8072600000e-04
7.2370000000e+03 4.6251900000e-04
7.2380000000e+03 4.4431700000e-04
7.2390000000e+03 4.2612100000e-04
7.2400000000e+03 4.0793000000e-04
7.2410000000e+03 3.8974000000e-04
7.2420000000e+03 3.7155700000e-04
7.2430000000e+03 3.5337800000e-04
7.2440000000e+03 3.3520500000e-04
7.2450000000e+03 3.1703700000e-04
7.2460000000e+03 2.9887500000e-04
7.2470000000e+03 2.8071800000e-04
7.2480000000e+03 2.6256600000e-04
7.2490000000e+03 2.4441800000e-04
7.2500000000e+03 2.2627600000e-04
7.2510000000e+03 2.2228800000e-04
7.2520000000e+03 2.1830100000e-04
7.2530000000e+03 2.1431600000e-04
7.2540000000e+03 2.1033300000e-04
7.2550000000e+03 2.0635100000e-04
7.2560000000e+03 2.0237100000e-04
7.2570000000e+03 1.9839200000e-04
7.2580000000e+03 1.9441600000e-04
7.2590000000e+03 1.9044100000e-04
7.2600000000e+03 1.8646800000e-04
7.2610000000e+03 1.8250900000e-04
7.2620000000e+03 1.7855200000e-04
7.2630000000e+03 1.7459600000e-04
7.2640000000e+03 1.7064100000e-04
7.2650000000e+03 1.6668700000e-04
7.2660000000e+03 1.6273500000e-04
7.2670000000e+03 1.5878300000e-04
7.2680000000e+03 1.5483200000e-04
7.2690000000e+03 1.5088300000e-04
7.2700000000e+03 1.4693400000e-04
7.2710000000e+03 1.4297900000e-04
7.2720000000e+03 1.3902500000e-04
7.2730000000e+03 1.3507300000e-04
7.2740000000e+03 1.3112200000e-04
7.2750000000e+03 1.2717300000e-04
7.2760000000e+03 1.2322500000e-04
7.2770000000e+03 1.1927900000e-04
7.2780000000e+03 1.1533400000e-04
7.2790000000e+03 1.1139100000e-04
7.2800000000e+03 1.0745000000e-04
7.2810000000e+03 1.0350900000e-04
7.2820000000e+03 9.9568900000e-05
7.2830000000e+03 9.5630900000e-05
