# photband: HST_ACS_WFC_F555W
# source: SVO Filter Profile Service
# svo_id: HST/ACS_WFC.F555W
# detector_type: 1
# response_type: photon
# components: Filter + CCD + Instrument
# profile_reference: https://stsynphot.readthedocs.io/en/latest/stsynphot/appendixb.html
# wavelength_unit: Angstrom
# columns: wavelength transmission
4.4660000000e+03 7.4673100000e-05
4.4670000000e+03 7.6408700000e-05
4.4680000000e+03 7.8144400000e-05
4.4690000000e+03 7.9880400000e-05
4.4700000000e+03 8.1616600000e-05
4.4710000000e+03 8.3344400000e-05
4.4720000000e+03 8.5071800000e-05
4.4730000000e+03 8.6799100000e-05
4.4740000000e+03 8.8526400000e-05
4.4750000000e+03 9.0253500000e-05
4.4760000000e+03 9.1980400000e-05
4.4770000000e+03 9.3707100000e-05
4.4780000000e+03 9.5433700000e-05
4.4790000000e+03 9.7160000000e-05
4.4800000000e+03 9.8886300000e-05
4.4810000000e+03 1.0608000000e-04
4.4820000000e+03 1.1327300000e-04
4.4830000000e+03 1.2046400000e-04
4.4840000000e+03 1.2765300000e-04
4.4850000000e+03 1.3484100000e-04
4.4860000000e+03 1.4202700000e-04
4.4870000000e+03 1.4921200000e-04
4.4880000000e+03 1.5639500000e-04
4.4890000000e+03 1.6357600000e-04
4.4900000000e+03 1.7075700000e-04
4.4910000000e+03 1.7795100000e-04
4.4920000000e+03 1.8514500000e-04
4.4930000000e+03 1.9233800000e-04
4.4940000000e+03 1.9953200000e-04
4.4950000000e+03 2.0672400000e-04
4.4960000000e+03 2.1391700000e-04
4.4970000000e+03 2.2110900000e-04
4.4980000000e+03 2.2830100000e-04
4.4990000000e+03 2.3549300000e-04
4.5000000000e+03 2.4268400000e-04
4.5010000000e+03 2.4985400000e-04
4.5020000000e+03 2.5702200000e-04
4.5030000000e+03 2.6418900000e-04
4.5040000000e+03 2.7135300000e-04
4.5050000000e+03 2.7851700000e-04
4.5060000000e+03 2.8567800000e-04
4.5070000000e+03 2.9283900000e-04
4.5080000000e+03 2.9999700000e-04
4.5090000000e+03 3.0715400000e-04
4.5100000000e+03 3.1431000000e-04
4.5110000000e+03 3.2147400000e-04
4.5120000000e+03 3.2863600000e-04
4.5130000000e+03 3.3579700000e-04
4.5140000000e+03 3.4295800000e-04
4.5150000000e+03 3.5011700000e-04
4.5160000000e+03 3.5727500000e-04
4.5170000000e+03 3.6443200000e-04
4.5180000000e+03 3.7158700000e-04
4.5190000000e+03 3.7874100000e-04
4.5200000000e+03 3.8589400000e-04
4.5210000000e+03 4.1061700000e-04
4.5220000000e+03 4.3534200000e-04
4.5230000000e+03 4.6006800000e-04
4.5240000000e+03 4.8479500000e-04
4.5250000000e+03 5.0952300000e-04
4.5260000000e+03 5.3425200000e-04
4.5270000000e+03 5.5898200000e-04
4.5280000000e+03 5.8371300000e-04
4.5290000000e+03 6.0844400000e-04
4.5300000000e+03 6.3317800000e-04
4.5310000000e+03 6.5783200000e-04
4.5320000000e+03 6.8248000000e-04
4.5330000000e+03 7.0712300000e-04
4.5340000000e+03 7.3176100000e-04
4.5350000000e+03 7.5639400000e-04
4.5360000000e+03 7.8102300000e-04
4.5370000000e+03 8.0564600000e-04
4.5380000000e+03 8.3026200000e-04
4.5390000000e+03 8.5487500000e-04
4.5400000000e+03 8.7948400000e-04
4.5410000000e+03 9.0413000000e-04
4.5420000000e+03 9.2877900000e-04
4.5430000000e+03 9.5342400000e-04
4.5440000000e+03 9.7806400000e-04
4.5450000000e+03 1.0027000000e-03
4.5460000000e+03 1.0273400000e-03
4.5470000000e+03 1.0519700000e-03
4.5480000000e+03 1.0766000000e-03
4.5490000000e+03 1.1012300000e-03
4.5500000000e+03 1.1258500000e-03
4.5510000000e+03 1.1503400000e-03
4.5520000000e+03 1.1748200000e-03
4.5530000000e+03 1.1992900000e-03
4.5540000000e+03 1.2237600000e-03
4.5550000000e+03 1.2482100000e-03
4.5560000000e+03 1.2726600000e-03
4.5570000000e+03 1.2971000000e-03
4.5580000000e+03 1.3215300000e-03
4.5590000000e+03 1.3459500000e-03
4.5600000000e+03 1.3703600000e-03
4.5610000000e+03 1.4932100000e-03
4.5620000000e+03 1.6160600000e-03
4.5630000000e+03 1.7389100000e-03
4.5640000000e+03 1.8617500000e-03
4.5650000000e+03 1.9846000000e-03
4.5660000000e+03 2.1074400000e-03
4.5670000000e+03 2.2302900000e-03
4.5680000000e+03 2.3531300000e-03
4.5690000000e+03 2.4759700000e-03
4.5700000000e+03 2.5988100000e-03
4.5710000000e+03 2.7213600000e-03
4.5720000000e+03 2.8438700000e-03
4.5730000000e+03 2.9663600000e-03
4.5740000000e+03 3.0888300000e-03
4.5750000000e+03 3.2112500000e-03
4.5760000000e+03 3.3336600000e-03
4.5770000000e+03 3.4560400000e-03
4.5780000000e+03 3.5783900000e-03
4.5790000000e+03 3.7007100000e-03
4.5800000000e+03 3.8230000000e-03
4.5810000000e+03 3.9549700000e-03
4.5820000000e+03 4.0869100000e-03
4.5830000000e+03 4.2188100000e-03
4.5840000000e+03 4.3506800000e-03
4.5850000000e+03 4.4825100000e-03
4.5860000000e+03 4.6143100000e-03
4.5870000000e+03 4.7460700000e-03
4.5880000000e+03 4.8777900000e-03
4.5890000000e+03 5.0094900000e-03
4.5900000000e+03 5.1411400000e-03
4.5910000000e+03 5.3085100000e-03
4.5920000000e+03 5.4758700000e-03
4.5930000000e+03 5.6432500000e-03
4.5940000000e+03 5.8106000000e-03
4.5950000000e+03 5.9779800000e-03
4.5960000000e+03 6.1453300000e-03
4.5970000000e+03 6.3126800000e-03
4.5980000000e+03 6.4800400000e-03
4.5990000000e+03 6.6473900000e-03
4.6000000000e+03 6.8147400000e-03
4.6010000000e+03 7.0454100000e-03
4.6020000000e+03 7.2760500000e-03
4.6030000000e+03 7.5066500000e-03
4.6040000000e+03 7.7372000000e-03
4.6050000000e+03 7.9677400000e-03
4.6060000000e+03 8.1982300000e-03
4.6070000000e+03 8.4286800000e-03
4.6080000000e+03 8.6591300000e-03
4.6090000000e+03 8.8895200000e-03
4.6100000000e+03 9.1199100000e-03
4.6110000000e+03 9.4093500000e-03
4.6120000000e+03 9.6987100000e-03
4.6130000000e+03 9.9879800000e-03
4.6140000000e+03 1.0277200000e-02
4.6150000000e+03 1.0566300000e-02
4.6160000000e+03 1.0855400000e-02
4.6170000000e+03 1.1144300000e-02
4.6180000000e+03 1.1433200000e-02
4.6190000000e+03 1.1722000000e-02
4.6200000000e+03 1.2010700000e-02
4.6210000000e+03 1.2392600000e-02
4.6220000000e+03 1.2774400000e-02
4.6230000000e+03 1.3156300000e-02
4.6240000000e+03 1.3538200000e-02
4.6250000000e+03 1.3920000000e-02
4.6260000000e+03 1.4301900000e-02
4.6270000000e+03 1.4683700000e-02
4.6280000000e+03 1.5065600000e-02
4.6290000000e+03 1.5447500000e-02
4.6300000000e+03 1.5829400000e-02
4.6310000000e+03 1.6300800000e-02
4.6320000000e+03 1.6772200000e-02
4.6330000000e+03 1.7243400000e-02
4.6340000000e+03 1.7714600000e-02
4.6350000000e+03 1.8185700000e-02
4.6360000000e+03 1.8656600000e-02
4.6370000000e+03 1.9127400000e-02
4.6380000000e+03 1.9598200000e-02
4.6390000000e+03 2.0068800000e-02
4.6400000000e+03 2.0539300000e-02
4.6410000000e+03 2.1137800000e-02
4.6420000000e+03 2.1736200000e-02
4.6430000000e+03 2.2334500000e-02
4.6440000000e+03 2.2932700000e-02
4.6450000000e+03 2.3530900000e-02
4.6460000000e+03 2.4129000000e-02
4.6470000000e+03 2.4727000000e-02
4.6480000000e+03 2.5324900000e-02
4.6490000000e+03 2.5922700000e-02
4.6500000000e+03 2.6520500000e-02
4.6510000000e+03 2.7257500000e-02
4.6520000000e+03 2.7994600000e-02
4.6530000000e+03 2.8731500000e-02
4.6540000000e+03 2.9468300000e-02
4.6550000000e+03 3.0205100000e-02
4.6560000000e+03 3.0941700000e-02
4.6570000000e+03 3.1678400000e-02
4.6580000000e+03 3.2414900000e-02
4.6590000000e+03 3.3151400000e-02
4.6600000000e+03 3.3887700000e-02
4.6610000000e+03 3.4744000000e-02
4.6620000000e+03 3.5600200000e-02
4.6630000000e+03 3.6456400000e-02
4.6640000000e+03 3.7312500000e-02
4.6650000000e+03 3.8168600000e-02
4.6660000000e+03 3.9024700000e-02
4.6670000000e+03 3.9880700000e-02
4.6680000000e+03 4.0736600000e-02
4.6690000000e+03 4.1592500000e-02
4.6700000000e+03 4.2448400000e-02
4.6710000000e+03 4.3398100000e-02
4.6720000000e+03 4.4347600000e-02
4.6730000000e+03 4.5297100000e-02
4.6740000000e+03 4.6246400000e-02
4.6750000000e+03 4.7195700000e-02
4.6760000000e+03 4.8144900000e-02
4.6770000000e+03 4.9093800000e-02
4.6780000000e+03 5.0042800000e-02
4.6790000000e+03 5.0991500000e-02
4.6800000000e+03 5.1940300000e-02
4.6810000000e+03 5.3048100000e-02
4.6820000000e+03 5.4155900000e-02
4.6830000000e+03 5.5263700000e-02
4.6840000000e+03 5.6371100000e-02
4.6850000000e+03 5.7478600000e-02
4.6860000000e+03 5.8585900000e-02
4.6870000000e+03 5.9693200000e-02
4.6880000000e+03 6.0800300000e-02
4.6890000000e+03 6.1907300000e-02
4.6900000000e+03 6.3014300000e-02
4.6910000000e+03 6.4557300000e-02
4.6920000000e+03 6.6100200000e-02
4.6930000000e+03 6.7643100000e-02
4.6940000000e+03 6.9185700000e-02
4.6950000000e+03 7.0728400000e-02
4.6960000000e+03 7.2270700000e-02
4.6970000000e+03 7.3813000000e-02
4.6980000000e+03 7.5355200000e-02
4.6990000000e+03 7.6897200000e-02
4.7000000000e+03 7.8439100000e-02
4.7010000000e+03 7.9707600000e-02
4.7020000000e+03 8.0975900000e-02
4.7030000000e+03 8.2244300000e-02
4.7040000000e+03 8.3512800000e-02
4.7050000000e+03 8.4781300000e-02
4.7060000000e+03 8.6049800000e-02
4.7070000000e+03 8.7318300000e-02
4.7080000000e+03 8.8586700000e-02
4.7090000000e+03 8.9855200000e-02
4.7100000000e+03 9.1123600000e-02
4.7110000000e+03 9.2417800000e-02
4.7120000000e+03 9.3711600000e-02
4.7130000000e+03 9.5005100000e-02
4.7140000000e+03 9.6298400000e-02
4.7150000000e+03 9.7591000000e-02
4.7160000000e+03 9.8883200000e-02
4.7170000000e+03 1.0017500000e-01
4.7180000000e+03 1.0146600000e-01
4.7190000000e+03 1.0275700000e-01
4.7200000000e+03 1.0404800000e-01
4.7210000000e+03 1.0543200000e-01
4.7220000000e+03 1.0681500000e-01
4.7230000000e+03 1.0819900000e-01
4.7240000000e+03 1.0958300000e-01
4.7250000000e+03 1.1096600000e-01
4.7260000000e+03 1.1235000000e-01
4.7270000000e+03 1.1373300000e-01
4.7280000000e+03 1.1511600000e-01
4.7290000000e+03 1.1650000000e-01
4.7300000000e+03 1.1788300000e-01
4.7310000000e+03 1.1914400000e-01
4.7320000000e+03 1.2040400000e-01
4.7330000000e+03 1.2166500000e-01
4.7340000000e+03 1.2292600000e-01
4.7350000000e+03 1.2418600000e-01
4.7360000000e+03 1.2544600000e-01
4.7370000000e+03 1.2670600000e-01
4.7380000000e+03 1.2796600000e-01
4.7390000000e+03 1.2922600000e-01
4.7400000000e+03 1.3048600000e-01
4.7410000000e+03 1.3185600000e-01
4.7420000000e+03 1.3322500000e-01
4.7430000000e+03 1.3459400000e-01
4.7440000000e+03 1.3596300000e-01
4.7450000000e+03 1.3733100000e-01
4.7460000000e+03 1.3869900000e-01
4.7470000000e+03 1.4006700000e-01
4.7480000000e+03 1.4143500000e-01
4.7490000000e+03 1.4280200000e-01
4.7500000000e+03 1.4416900000e-01
4.7510000000e+03 1.4567600000e-01
4.7520000000e+03 1.4718300000e-01
4.7530000000e+03 1.4869000000e-01
4.7540000000e+03 1.5019700000e-01
4.7550000000e+03 1.5170400000e-01
4.7560000000e+03 1.5321200000e-01
4.7570000000e+03 1.5471900000e-01
4.7580000000e+03 1.5622700000e-01
4.7590000000e+03 1.5773400000e-01
4.7600000000e+03 1.5924200000e-01
4.7610000000e+03 1.6049900000e-01
4.7620000000e+03 1.6175500000e-01
4.7630000000e+03 1.6301200000e-01
4.7640000000e+03 1.6426800000e-01
4.7650000000e+03 1.6552400000e-01
4.7660000000e+03 1.6678000000e-01
4.7670000000e+03 1.6803600000e-01
4.7680000000e+03 1.6929200000e-01
4.7690000000e+03 1.7054700000e-01
4.7700000000e+03 1.7180300000e-01
4.7710000000e+03 1.7330800000e-01
4.7720000000e+03 1.7481400000e-01
4.7730000000e+03 1.7632000000e-01
4.7740000000e+03 1.7782600000e-01
4.7750000000e+03 1.7933300000e-01
4.7760000000e+03 1.8083900000e-01
4.7770000000e+03 1.8234500000e-01
4.7780000000e+03 1.8385200000e-01
4.7790000000e+03 1.8535800000e-01
4.7800000000e+03 1.8686500000e-01
4.7810000000e+03 1.8835500000e-01
4.7820000000e+03 1.8984600000e-01
4.7830000000e+03 1.9133600000e-01
4.7840000000e+03 1.9282600000e-01
4.7850000000e+03 1.9431500000e-01
4.7860000000e+03 1.9580500000e-01
4.7870000000e+03 1.9729400000e-01
4.7880000000e+03 1.9878300000e-01
4.7890000000e+03 2.0027300000e-01
4.7900000000e+03 2.0176100000e-01
4.7910000000e+03 2.0325600000e-01
4.7920000000e+03 2.0475000000e-01
4.7930000000e+03 2.0624400000e-01
4.7940000000e+03 2.0773800000e-01
4.7950000000e+03 2.0923200000e-01
4.7960000000e+03 2.1072500000e-01
4.7970000000e+03 2.1221900000e-01
4.7980000000e+03 2.1371300000e-01
4.7990000000e+03 2.1520600000e-01
4.8000000000e+03 2.1670000000e-01
4.8010000000e+03 2.1788800000e-01
4.8020000000e+03 2.1907500000e-01
4.8030000000e+03 2.2026300000e-01
4.8040000000e+03 2.2145100000e-01
4.8050000000e+03 2.2263900000e-01
4.8060000000e+03 2.2382700000e-01
4.8070000000e+03 2.2501500000e-01
4.8080000000e+03 2.2620300000e-01
4.8090000000e+03 2.2739100000e-01
4.8100000000e+03 2.2857900000e-01
4.8110000000e+03 2.2996700000e-01
4.8120000000e+03 2.3135500000e-01
4.8130000000e+03 2.3274300000e-01
4.8140000000e+03 2.3413100000e-01
4.8150000000e+03 2.3552000000e-01
4.8160000000e+03 2.3690800000e-01
4.8170000000e+03 2.3829600000e-01
4.8180000000e+03 2.3968400000e-01
4.8190000000e+03 2.4107300000e-01
4.8200000000e+03 2.4246200000e-01
4.8210000000e+03 2.4366000000e-01
4.8220000000e+03 2.4485900000e-01
4.8230000000e+03 2.4605700000e-01
4.8240000000e+03 2.4725600000e-01
4.8250000000e+03 2.4845500000e-01
4.8260000000e+03 2.4965400000e-01
4.8270000000e+03 2.5085400000e-01
4.8280000000e+03 2.5205300000e-01
4.8290000000e+03 2.5325200000e-01
4.8300000000e+03 2.5445200000e-01
4.8310000000e+03 2.5561900000e-01
4.8320000000e+03 2.5678500000e-01
4.8330000000e+03 2.5795200000e-01
4.8340000000e+03 2.5911900000e-01
4.8350000000e+03 2.6028600000e-01
4.8360000000e+03 2.6145300000e-01
4.8370000000e+03 2.6262000000e-01
4.8380000000e+03 2.6378700000e-01
4.8390000000e+03 2.6495600000e-01
4.8400000000e+03 2.6612400000e-01
4.8410000000e+03 2.6694200000e-01
4.8420000000e+03 2.6776100000e-01
4.8430000000e+03 2.6857900000e-01
4.8440000000e+03 2.6939800000e-01
4.8450000000e+03 2.7021600000e-01
4.8460000000e+03 2.7103400000e-01
4.8470000000e+03 2.7185200000e-01
4.8480000000e+03 2.7267000000e-01
4.8490000000e+03 2.7348800000e-01
4.8500000000e+03 2.7430600000e-01
4.8510000000e+03 2.7539700000e-01
4.8520000000e+03 2.7648800000e-01
4.8530000000e+03 2.7757900000e-01
4.8540000000e+03 2.7867000000e-01
4.8550000000e+03 2.7976000000e-01
4.8560000000e+03 2.8085000000e-01
4.8570000000e+03 2.8194100000e-01
4.8580000000e+03 2.8303100000e-01
4.8590000000e+03 2.8412100000e-01
4.8600000000e+03 2.8521100000e-01
4.8610000000e+03 2.8568000000e-01
4.8620000000e+03 2.8615000000e-01
4.8630000000e+03 2.8661900000e-01
4.8640000000e+03 2.8708900000e-01
4.8650000000e+03 2.8755900000e-01
4.8660000000e+03 2.8802900000e-01
4.8670000000e+03 2.8849900000e-01
4.8680000000e+03 2.8896900000e-01
4.8690000000e+03 2.8944000000e-01
4.8700000000e+03 2.8991000000e-01
4.8710000000e+03 2.9049500000e-01
4.8720000000e+03 2.9107900000e-01
4.8730000000e+03 2.9166400000e-01
4.8740000000e+03 2.9224900000e-01
4.8750000000e+03 2.9283400000e-01
4.8760000000e+03 2.9341900000e-01
4.8770000000e+03 2.9400300000e-01
4.8780000000e+03 2.9458800000e-01
4.8790000000e+03 2.9517300000e-01
4.8800000000e+03 2.9575700000e-01
4.8810000000e+03 2.9631400000e-01
4.8820000000e+03 2.9687000000e-01
4.8830000000e+03 2.9742800000e-01
4.8840000000e+03 2.9798400000e-01
4.8850000000e+03 2.9854100000e-01
4.8860000000e+03 2.9909800000e-01
4.8870000000e+03 2.9965500000e-01
4.8880000000e+03 3.0021200000e-01
4.8890000000e+03 3.0076800000e-01
4.8900000000e+03 3.0132500000e-01
4.8910000000e+03 3.0171600000e-01
4.8920000000e+03 3.0210700000e-01
4.8930000000e+03 3.0249800000e-01
4.8940000000e+03 3.0288900000e-01
4.8950000000e+03 3.0328100000e-01
4.8960000000e+03 3.0367200000e-01
4.8970000000e+03 3.0406300000e-01
4.8980000000e+03 3.0445500000e-01
4.8990000000e+03 3.0484700000e-01
4.9000000000e+03 3.0523800000e-01
4.9010000000e+03 3.0555400000e-01
4.9020000000e+03 3.0586900000e-01
4.9030000000e+03 3.0618400000e-01
4.9040000000e+03 3.0650000000e-01
4.9050000000e+03 3.0681500000e-01
4.9060000000e+03 3.0713100000e-01
4.9070000000e+03 3.0744600000e-01
4.9080000000e+03 3.0776100000e-01
4.9090000000e+03 3.0807700000e-01
4.9100000000e+03 3.0839200000e-01
4.9110000000e+03 3.0877500000e-01
4.9120000000e+03 3.0915700000e-01
4.9130000000e+03 3.0954100000e-01
4.9140000000e+03 3.0992400000e-01
4.9150000000e+03 3.1030700000e-01
4.9160000000e+03 3.1069000000e-01
4.9170000000e+03 3.1107400000e-01
4.9180000000e+03 3.1145700000e-01
4.9190000000e+03 3.1184000000e-01
4.9200000000e+03 3.1222400000e-01
4.9210000000e+03 3.1247000000e-01
4.9220000000e+03 3.1271600000e-01
4.9230000000e+03 3.1296100000e-01
4.9240000000e+03 3.1320700000e-01
4.9250000000e+03 3.1345300000e-01
4.9260000000e+03 3.1369900000e-01
4.9270000000e+03 3.1394400000e-01
4.9280000000e+03 3.1419000000e-01
4.9290000000e+03 3.1443700000e-01
4.9300000000e+03 3.1468200000e-01
4.9310000000e+03 3.1499200000e-01
4.9320000000e+03 3.1530200000e-01
4.9330000000e+03 3.1561200000e-01
4.9340000000e+03 3.1592200000e-01
4.9350000000e+03 3.1623200000e-01
4.9360000000e+03 3.1654200000e-01
4.9370000000e+03 3.1685200000e-01
4.9380000000e+03 3.1716300000e-01
4.9390000000e+03 3.1747300000e-01
4.9400000000e+03 3.1778300000e-01
4.9410000000e+03 3.1755200000e-01
4.9420000000e+03 3.1732200000e-01
4.9430000000e+03 3.1709100000e-01
4.9440000000e+03 3.1686000000e-01
4.9450000000e+03 3.1662900000e-01
4.9460000000e+03 3.1639900000e-01
4.9470000000e+03 3.1616700000e-01
4.9480000000e+03 3.1593500000e-01
4.9490000000e+03 3.1570400000e-01
4.9500000000e+03 3.1547300000e-01
4.9510000000e+03 3.1645000000e-01
4.9520000000e+03 3.1742800000e-01
4.9530000000e+03 3.1840400000e-01
4.9540000000e+03 3.1938100000e-01
4.9550000000e+03 3.2035800000e-01
4.9560000000e+03 3.2133400000e-01
4.9570000000e+03 3.2231100000e-01
4.9580000000e+03 3.2328700000e-01
4.9590000000e+03 3.2426400000e-01
4.9600000000e+03 3.2524000000e-01
4.9610000000e+03 3.2548200000e-01
4.9620000000e+03 3.2572300000e-01
4.9630000000e+03 3.2596500000e-01
4.9640000000e+03 3.2620700000e-01
4.9650000000e+03 3.2644900000e-01
4.9660000000e+03 3.2669100000e-01
4.9670000000e+03 3.2693300000e-01
4.9680000000e+03 3.2717500000e-01
4.9690000000e+03 3.2741700000e-01
4.9700000000e+03 3.2765900000e-01
4.9710000000e+03 3.2853000000e-01
4.9720000000e+03 3.2939900000e-01
4.9730000000e+03 3.3027000000e-01
4.9740000000e+03 3.3114000000e-01
4.9750000000e+03 3.3201000000e-01
4.9760000000e+03 3.3288100000e-01
4.9770000000e+03 3.3375200000e-01
4.9780000000e+03 3.3462300000e-01
4.9790000000e+03 3.3549400000e-01
4.9800000000e+03 3.3636500000e-01
4.9810000000e+03 3.3641800000e-01
4.9820000000e+03 3.3647100000e-01
4.9830000000e+03 3.3652300000e-01
4.9840000000e+03 3.3657600000e-01
4.9850000000e+03 3.3662900000e-01
4.9860000000e+03 3.3668100000e-01
4.9870000000e+03 3.3673400000e-01
4.9880000000e+03 3.3678700000e-01
4.9890000000e+03 3.3684000000e-01
4.9900000000e+03 3.3689300000e-01
4.9910000000e+03 3.3738200000e-01
4.9920000000e+03 3.3787100000e-01
4.9930000000e+03 3.3836200000e-01
4.9940000000e+03 3.3885100000e-01
4.9950000000e+03 3.3934100000e-01
4.9960000000e+03 3.3983200000e-01
4.9970000000e+03 3.4032200000e-01
4.9980000000e+03 3.4081200000e-01
4.9990000000e+03 3.4130200000e-01
5.0000000000e+03 3.4179300000e-01
5.0010000000e+03 3.4225600000e-01
5.0020000000e+03 3.4271800000e-01
5.0030000000e+03 3.4318000000e-01
5.0040000000e+03 3.4364200000e-01
5.0050000000e+03 3.4410400000e-01
5.0060000000e+03 3.4456700000e-01
5.0070000000e+03 3.4502900000e-01
5.0080000000e+03 3.4549300000e-01
5.0090000000e+03 3.4595500000e-01
5.0100000000e+03 3.4641800000e-01
5.0110000000e+03 3.4669800000e-01
5.0120000000e+03 3.4697700000e-01
5.0130000000e+03 3.4725700000e-01
5.0140000000e+03 3.4753800000e-01
5.0150000000e+03 3.4781900000e-01
5.0160000000e+03 3.4810000000e-01
5.0170000000e+03 3.4838000000e-01
5.0180000000e+03 3.4865900000e-01
5.0190000000e+03 3.4894100000e-01
5.0200000000e+03 3.4922100000e-01
5.0210000000e+03 3.4925100000e-01
5.0220000000e+03 3.4928100000e-01
5.0230000000e+03 3.4931300000e-01
5.0240000000e+03 3.4934300000e-01
5.0250000000e+03 3.4937400000e-01
5.0260000000e+03 3.4940400000e-01
5.0270000000e+03 3.4943400000e-01
5.0280000000e+03 3.4946500000e-01
5.0290000000e+03 3.4949400000e-01
5.0300000000e+03 3.4952500000e-01
5.0310000000e+03 3.4988300000e-01
5.0320000000e+03 3.5024200000e-01
5.0330000000e+03 3.5060100000e-01
5.0340000000e+03 3.5096000000e-01
5.0350000000e+03 3.5131900000e-01
5.0360000000e+03 3.5167800000e-01
5.0370000000e+03 3.5203600000e-01
5.0380000000e+03 3.5239600000e-01
5.0390000000e+03 3.5275400000e-01
5.0400000000e+03 3.5311300000e-01
5.0410000000e+03 3.5292600000e-01
5.0420000000e+03 3.5273700000e-01
5.0430000000e+03 3.5254800000e-01
5.0440000000e+03 3.5236000000e-01
5.0450000000e+03 3.5217200000e-01
5.0460000000e+03 3.5198300000e-01
5.0470000000e+03 3.5179400000e-01
5.0480000000e+03 3.5160500000e-01
5.0490000000e+03 3.5141600000e-01
5.0500000000e+03 3.5122700000e-01
5.0510000000e+03 3.5162500000e-01
5.0520000000e+03 3.5202200000e-01
5.0530000000e+03 3.5241900000e-01
5.0540000000e+03 3.5281700000e-01
5.0550000000e+03 3.5321400000e-01
5.0560000000e+03 3.5361100000e-01
5.0570000000e+03 3.5400900000e-01
5.0580000000e+03 3.5440600000e-01
5.0590000000e+03 3.5480400000e-01
5.0600000000e+03 3.5520200000e-01
5.0610000000e+03 3.5468700000e-01
5.0620000000e+03 3.5417200000e-01
5.0630000000e+03 3.5365700000e-01
5.0640000000e+03 3.5314100000e-01
5.0650000000e+03 3.5262600000e-01
5.0660000000e+03 3.5211000000e-01
5.0670000000e+03 3.5159400000e-01
5.0680000000e+03 3.5107700000e-01
5.0690000000e+03 3.5056100000e-01
5.0700000000e+03 3.5004400000e-01
5.0710000000e+03 3.5022900000e-01
5.0720000000e+03 3.5041300000e-01
5.0730000000e+03 3.5059700000e-01
5.0740000000e+03 3.5078200000e-01
5.0750000000e+03 3.5096600000e-01
5.0760000000e+03 3.5115100000e-01
5.0770000000e+03 3.5133500000e-01
5.0780000000e+03 3.5152100000e-01
5.0790000000e+03 3.5170500000e-01
5.0800000000e+03 3.5188900000e-01
5.0810000000e+03 3.5143500000e-01
5.0820000000e+03 3.5098100000e-01
5.0830000000e+03 3.5052700000e-01
5.0840000000e+03 3.5007300000e-01
5.0850000000e+03 3.4961900000e-01
5.0860000000e+03 3.4916400000e-01
5.0870000000e+03 3.4870900000e-01
5.0880000000e+03 3.4825400000e-01
5.0890000000e+03 3.4780000000e-01
5.0900000000e+03 3.4734500000e-01
5.0910000000e+03 3.4719500000e-01
5.0920000000e+03 3.4704500000e-01
5.0930000000e+03 3.4689500000e-01
5.0940000000e+03 3.4674500000e-01
5.0950000000e+03 3.4659500000e-01
5.0960000000e+03 3.4644500000e-01
5.0970000000e+03 3.4629500000e-01
5.0980000000e+03 3.4614500000e-01
5.0990000000e+03 3.4599400000e-01
5.1000000000e+03 3.4584300000e-01
5.1010000000e+03 3.4568500000e-01
5.1020000000e+03 3.4552600000e-01
5.1030000000e+03 3.4536700000e-01
5.1040000000e+03 3.4520800000e-01
5.1050000000e+03 3.4504800000e-01
5.1060000000e+03 3.4488900000e-01
5.1070000000e+03 3.4473000000e-01
5.1080000000e+03 3.4457000000e-01
5.1090000000e+03 3.4441000000e-01
5.1100000000e+03 3.4425000000e-01
5.1110000000e+03 3.4420900000e-01
5.1120000000e+03 3.4416800000e-01
5.1130000000e+03 3.4412600000e-01
5.1140000000e+03 3.4408500000e-01
5.1150000000e+03 3.4404400000e-01
5.1160000000e+03 3.4400300000e-01
5.1170000000e+03 3.4396100000e-01
5.1180000000e+03 3.4392000000e-01
5.1190000000e+03 3.4387800000e-01
5.1200000000e+03 3.4383600000e-01
5.1210000000e+03 3.4382000000e-01
5.1220000000e+03 3.4380500000e-01
5.1230000000e+03 3.4378900000e-01
5.1240000000e+03 3.4377300000e-01
5.1250000000e+03 3.4375600000e-01
5.1260000000e+03 3.4374100000e-01
5.1270000000e+03 3.4372500000e-01
5.1280000000e+03 3.4370800000e-01
5.1290000000e+03 3.4369200000e-01
5.1300000000e+03 3.4367600000e-01
5.1310000000e+03 3.4356400000e-01
5.1320000000e+03 3.4345200000e-01
5.1330000000e+03 3.4334100000e-01
5.1340000000e+03 3.4322900000e-01
5.1350000000e+03 3.4311700000e-01
5.1360000000e+03 3.4300500000e-01
5.1370000000e+03 3.4289400000e-01
5.1380000000e+03 3.4278200000e-01
5.1390000000e+03 3.4267000000e-01
5.1400000000e+03 3.4255800000e-01
5.1410000000e+03 3.4247900000e-01
5.1420000000e+03 3.4239900000e-01
5.1430000000e+03 3.4232100000e-01
5.1440000000e+03 3.4224100000e-01
5.1450000000e+03 3.4216200000e-01
5.1460000000e+03 3.4208300000e-01
5.1470000000e+03 3.4200300000e-01
5.1480000000e+03 3.4192200000e-01
5.1490000000e+03 3.4184300000e-01
5.1500000000e+03 3.4176300000e-01
5.1510000000e+03 3.4181000000e-01
5.1520000000e+03 3.4185700000e-01
5.1530000000e+03 3.4190500000e-01
5.1540000000e+03 3.4195100000e-01
5.1550000000e+03 3.4199900000e-01
5.1560000000e+03 3.4204500000e-01
5.1570000000e+03 3.4209300000e-01
5.1580000000e+03 3.4213900000e-01
5.1590000000e+03 3.4218600000e-01
5.1600000000e+03 3.4223300000e-01
5.1610000000e+03 3.4248800000e-01
5.1620000000e+03 3.4274200000e-01
5.1630000000e+03 3.4299600000e-01
5.1640000000e+03 3.4325100000e-01
5.1650000000e+03 3.4350500000e-01
5.1660000000e+03 3.4376000000e-01
5.1670000000e+03 3.4401400000e-01
5.1680000000e+03 3.4426900000e-01
5.1690000000e+03 3.4452400000e-01
5.1700000000e+03 3.4477800000e-01
5.1710000000e+03 3.4513300000e-01
5.1720000000e+03 3.4548800000e-01
5.1730000000e+03 3.4584200000e-01
5.1740000000e+03 3.4619700000e-01
5.1750000000e+03 3.4655200000e-01
5.1760000000e+03 3.4690700000e-01
5.1770000000e+03 3.4726200000e-01
5.1780000000e+03 3.4761700000e-01
5.1790000000e+03 3.4797100000e-01
5.1800000000e+03 3.4832700000e-01
5.1810000000e+03 3.4825300000e-01
5.1820000000e+03 3.4818000000e-01
5.1830000000e+03 3.4810700000e-01
5.1840000000e+03 3.4803300000e-01
5.1850000000e+03 3.4795900000e-01
5.1860000000e+03 3.4788500000e-01
5.1870000000e+03 3.4781100000e-01
5.1880000000e+03 3.4773700000e-01
5.1890000000e+03 3.4766300000e-01
5.1900000000e+03 3.4758900000e-01
5.1910000000e+03 3.4794100000e-01
5.1920000000e+03 3.4829300000e-01
5.1930000000e+03 3.4864500000e-01
5.1940000000e+03 3.4899700000e-01
5.1950000000e+03 3.4934900000e-01
5.1960000000e+03 3.4970200000e-01
5.1970000000e+03 3.5005400000e-01
5.1980000000e+03 3.5040600000e-01
5.1990000000e+03 3.5075900000e-01
5.2000000000e+03 3.5111100000e-01
5.2010000000e+03 3.5111300000e-01
5.2020000000e+03 3.5111300000e-01
5.2030000000e+03 3.5111400000e-01
5.2040000000e+03 3.5111500000e-01
5.2050000000e+03 3.5111500000e-01
5.2060000000e+03 3.5111500000e-01
5.2070000000e+03 3.5111600000e-01
5.2080000000e+03 3.5111600000e-01
5.2090000000e+03 3.5111700000e-01
5.2100000000e+03 3.5111800000e-01
5.2110000000e+03 3.5144300000e-01
5.2120000000e+03 3.5176800000e-01
5.2130000000e+03 3.5209300000e-01
5.2140000000e+03 3.5241800000e-01
5.2150000000e+03 3.5274400000e-01
5.2160000000e+03 3.5307000000e-01
5.2170000000e+03 3.5339500000e-01
5.2180000000e+03 3.5372100000e-01
5.2190000000e+03 3.5404700000e-01
5.2200000000e+03 3.5437300000e-01
5.2210000000e+03 3.5439600000e-01
5.2220000000e+03 3.5441800000e-01
5.2230000000e+03 3.5444100000e-01
5.2240000000e+03 3.5446400000e-01
5.2250000000e+03 3.5448700000e-01
5.2260000000e+03 3.5450900000e-01
5.2270000000e+03 3.5453200000e-01
5.2280000000e+03 3.5455400000e-01
5.2290000000e+03 3.5457700000e-01
5.2300000000e+03 3.5459900000e-01
5.2310000000e+03 3.5485700000e-01
5.2320000000e+03 3.5511500000e-01
5.2330000000e+03 3.5537300000e-01
5.2340000000e+03 3.5563000000e-01
5.2350000000e+03 3.5588800000e-01
5.2360000000e+03 3.5614600000e-01
5.2370000000e+03 3.5640400000e-01
5.2380000000e+03 3.5666200000e-01
5.2390000000e+03 3.5692000000e-01
5.2400000000e+03 3.5717800000e-01
5.2410000000e+03 3.5696600000e-01
5.2420000000e+03 3.5675600000e-01
5.2430000000e+03 3.5654400000e-01
5.2440000000e+03 3.5633300000e-01
5.2450000000e+03 3.5612200000e-01
5.2460000000e+03 3.5591000000e-01
5.2470000000e+03 3.5569800000e-01
5.2480000000e+03 3.5548700000e-01
5.2490000000e+03 3.5527500000e-01
5.2500000000e+03 3.5506300000e-01
5.2510000000e+03 3.5503400000e-01
5.2520000000e+03 3.5500500000e-01
5.2530000000e+03 3.5497700000e-01
5.2540000000e+03 3.5494900000e-01
5.2550000000e+03 3.5492000000e-01
5.2560000000e+03 3.5489100000e-01
5.2570000000e+03 3.5486200000e-01
5.2580000000e+03 3.5483400000e-01
5.2590000000e+03 3.5480600000e-01
5.2600000000e+03 3.5477600000e-01
5.2610000000e+03 3.5487300000e-01
5.2620000000e+03 3.5496900000e-01
5.2630000000e+03 3.5506600000e-01
5.2640000000e+03 3.5516200000e-01
5.2650000000e+03 3.5525900000e-01
5.2660000000e+03 3.5535600000e-01
5.2670000000e+03 3.5545100000e-01
5.2680000000e+03 3.5554700000e-01
5.2690000000e+03 3.5564400000e-01
5.2700000000e+03 3.5574000000e-01
5.2710000000e+03 3.5560900000e-01
5.2720000000e+03 3.5547700000e-01
5.2730000000e+03 3.5534600000e-01
5.2740000000e+03 3.5521400000e-01
5.2750000000e+03 3.5508200000e-01
5.2760000000e+03 3.5494900000e-01
5.2770000000e+03 3.5481700000e-01
5.2780000000e+03 3.5468600000e-01
5.2790000000e+03 3.5455300000e-01
5.2800000000e+03 3.5442000000e-01
5.2810000000e+03 3.5389500000e-01
5.2820000000e+03 3.5337100000e-01
5.2830000000e+03 3.5284500000e-01
5.2840000000e+03 3.5232000000e-01
5.2850000000e+03 3.5179500000e-01
5.2860000000e+03 3.5127000000e-01
5.2870000000e+03 3.5074400000e-01
5.2880000000e+03 3.5021900000e-01
5.2890000000e+03 3.4969300000e-01
5.2900000000e+03 3.4916700000e-01
5.2910000000e+03 3.4932200000e-01
5.2920000000e+03 3.4947400000e-01
5.2930000000e+03 3.4962800000e-01
5.2940000000e+03 3.4978100000e-01
5.2950000000e+03 3.4993500000e-01
5.2960000000e+03 3.5008800000e-01
5.2970000000e+03 3.5024100000e-01
5.2980000000e+03 3.5039500000e-01
5.2990000000e+03 3.5054800000e-01
5.3000000000e+03 3.5070200000e-01
5.3010000000e+03 3.5027700000e-01
5.3020000000e+03 3.4985200000e-01
5.3030000000e+03 3.4942500000e-01
5.3040000000e+03 3.4900000000e-01
5.3050000000e+03 3.4857500000e-01
5.3060000000e+03 3.4814900000e-01
5.3070000000e+03 3.4772300000e-01
5.3080000000e+03 3.4729600000e-01
5.3090000000e+03 3.4687000000e-01
5.3100000000e+03 3.4644400000e-01
5.3110000000e+03 3.4647800000e-01
5.3120000000e+03 3.4651200000e-01
5.3130000000e+03 3.4654600000e-01
5.3140000000e+03 3.4658000000e-01
5.3150000000e+03 3.4661400000e-01
5.3160000000e+03 3.4664700000e-01
5.3170000000e+03 3.4668100000e-01
5.3180000000e+03 3.4671500000e-01
5.3190000000e+03 3.4674800000e-01
5.3200000000e+03 3.4678200000e-01
5.3210000000e+03 3.4639500000e-01
5.3220000000e+03 3.4601000000e-01
5.3230000000e+03 3.4562400000e-01
5.3240000000e+03 3.4523800000e-01
5.3250000000e+03 3.4485100000e-01
5.3260000000e+03 3.4446500000e-01
5.3270000000e+03 3.4407900000e-01
5.3280000000e+03 3.4369300000e-01
5.3290000000e+03 3.4330600000e-01
5.3300000000e+03 3.4292000000e-01
5.3310000000e+03 3.4309100000e-01
5.3320000000e+03 3.4326400000e-01
5.3330000000e+03 3.4343500000e-01
5.3340000000e+03 3.4360700000e-01
5.3350000000e+03 3.4377900000e-01
5.3360000000e+03 3.4395000000e-01
5.3370000000e+03 3.4412300000e-01
5.3380000000e+03 3.4429500000e-01
5.3390000000e+03 3.4446700000e-01
5.3400000000e+03 3.4463900000e-01
5.3410000000e+03 3.4440700000e-01
5.3420000000e+03 3.4417600000e-01
5.3430000000e+03 3.4394400000e-01
5.3440000000e+03 3.4371100000e-01
5.3450000000e+03 3.4347900000e-01
5.3460000000e+03 3.4324800000e-01
5.3470000000e+03 3.4301500000e-01
5.3480000000e+03 3.4278200000e-01
5.3490000000e+03 3.4255000000e-01
5.3500000000e+03 3.4231600000e-01
5.3510000000e+03 3.4231300000e-01
5.3520000000e+03 3.4230900000e-01
5.3530000000e+03 3.4230500000e-01
5.3540000000e+03 3.4230100000e-01
5.3550000000e+03 3.4229700000e-01
5.3560000000e+03 3.4229300000e-01
5.3570000000e+03 3.4228900000e-01
5.3580000000e+03 3.4228500000e-01
5.3590000000e+03 3.4228100000e-01
5.3600000000e+03 3.4227600000e-01
5.3610000000e+03 3.4225400000e-01
5.3620000000e+03 3.4223100000e-01
5.3630000000e+03 3.4220900000e-01
5.3640000000e+03 3.4218500000e-01
5.3650000000e+03 3.4216300000e-01
5.3660000000e+03 3.4213900000e-01
5.3670000000e+03 3.4211700000e-01
5.3680000000e+03 3.4209400000e-01
5.3690000000e+03 3.4207100000e-01
5.3700000000e+03 3.4204700000e-01
5.3710000000e+03 3.4246400000e-01
5.3720000000e+03 3.4288200000e-01
5.3730000000e+03 3.4329900000e-01
5.3740000000e+03 3.4371700000e-01
5.3750000000e+03 3.4413400000e-01
5.3760000000e+03 3.4455100000e-01
5.3770000000e+03 3.4496900000e-01
5.3780000000e+03 3.4538600000e-01
5.3790000000e+03 3.4580400000e-01
5.3800000000e+03 3.4622100000e-01
5.3810000000e+03 3.4627600000e-01
5.3820000000e+03 3.4633100000e-01
5.3830000000e+03 3.4638500000e-01
5.3840000000e+03 3.4644000000e-01
5.3850000000e+03 3.4649500000e-01
5.3860000000e+03 3.4654900000e-01
5.3870000000e+03 3.4660400000e-01
5.3880000000e+03 3.4665900000e-01
5.3890000000e+03 3.4671300000e-01
5.3900000000e+03 3.4676800000e-01
5.3910000000e+03 3.4697400000e-01
5.3920000000e+03 3.4717900000e-01
5.3930000000e+03 3.4738600000e-01
5.3940000000e+03 3.4759100000e-01
5.3950000000e+03 3.4779700000e-01
5.3960000000e+03 3.4800300000e-01
5.3970000000e+03 3.4820800000e-01
5.3980000000e+03 3.4841400000e-01
5.3990000000e+03 3.4862000000e-01
5.4000000000e+03 3.4882500000e-01
5.4010000000e+03 3.4893400000e-01
5.4020000000e+03 3.4904300000e-01
5.4030000000e+03 3.4915100000e-01
5.4040000000e+03 3.4925900000e-01
5.4050000000e+03 3.4936700000e-01
5.4060000000e+03 3.4947600000e-01
5.4070000000e+03 3.4958400000e-01
5.4080000000e+03 3.4969100000e-01
5.4090000000e+03 3.4980000000e-01
5.4100000000e+03 3.4990800000e-01
5.4110000000e+03 3.5005000000e-01
5.4120000000e+03 3.5019300000e-01
5.4130000000e+03 3.5033600000e-01
5.4140000000e+03 3.5047800000e-01
5.4150000000e+03 3.5062100000e-01
5.4160000000e+03 3.5076300000e-01
5.4170000000e+03 3.5090500000e-01
5.4180000000e+03 3.5104800000e-01
5.4190000000e+03 3.5118900000e-01
5.4200000000e+03 3.5133200000e-01
5.4210000000e+03 3.5170600000e-01
5.4220000000e+03 3.5208200000e-01
5.4230000000e+03 3.5245800000e-01
5.4240000000e+03 3.5283300000e-01
5.4250000000e+03 3.5320700000e-01
5.4260000000e+03 3.5358200000e-01
5.4270000000e+03 3.5395800000e-01
5.4280000000e+03 3.5433300000e-01
5.4290000000e+03 3.5470700000e-01
5.4300000000e+03 3.5508300000e-01
5.4310000000e+03 3.5530900000e-01
5.4320000000e+03 3.5553500000e-01
5.4330000000e+03 3.5576000000e-01
5.4340000000e+03 3.5598600000e-01
5.4350000000e+03 3.5621200000e-01
5.4360000000e+03 3.5643800000e-01
5.4370000000e+03 3.5666500000e-01
5.4380000000e+03 3.5689000000e-01
5.4390000000e+03 3.5711600000e-01
5.4400000000e+03 3.5734200000e-01
5.4410000000e+03 3.5746600000e-01
5.4420000000e+03 3.5758900000e-01
5.4430000000e+03 3.5771400000e-01
5.4440000000e+03 3.5783600000e-01
5.4450000000e+03 3.5796000000e-01
5.4460000000e+03 3.5808400000e-01
5.4470000000e+03 3.5820800000e-01
5.4480000000e+03 3.5833100000e-01
5.4490000000e+03 3.5845400000e-01
5.4500000000e+03 3.5857800000e-01
5.4510000000e+03 3.5846200000e-01
5.4520000000e+03 3.5834400000e-01
5.4530000000e+03 3.5822800000e-01
5.4540000000e+03 3.5811100000e-01
5.4550000000e+03 3.5799400000e-01
5.4560000000e+03 3.5787700000e-01
5.4570000000e+03 3.5776000000e-01
5.4580000000e+03 3.5764300000e-01
5.4590000000e+03 3.5752600000e-01
5.4600000000e+03 3.5740800000e-01
5.4610000000e+03 3.5769500000e-01
5.4620000000e+03 3.5798200000e-01
5.4630000000e+03 3.5826900000e-01
5.4640000000e+03 3.5855600000e-01
5.4650000000e+03 3.5884200000e-01
5.4660000000e+03 3.5912900000e-01
5.4670000000e+03 3.5941600000e-01
5.4680000000e+03 3.5970200000e-01
5.4690000000e+03 3.5998900000e-01
5.4700000000e+03 3.6027500000e-01
5.4710000000e+03 3.6037900000e-01
5.4720000000e+03 3.6048100000e-01
5.4730000000e+03 3.6058500000e-01
5.4740000000e+03 3.6068800000e-01
5.4750000000e+03 3.6079100000e-01
5.4760000000e+03 3.6089300000e-01
5.4770000000e+03 3.6099500000e-01
5.4780000000e+03 3.6109800000e-01
5.4790000000e+03 3.6120000000e-01
5.4800000000e+03 3.6130300000e-01
5.4810000000e+03 3.6128100000e-01
5.4820000000e+03 3.6125900000e-01
5.4830000000e+03 3.6123800000e-01
5.4840000000e+03 3.6121600000e-01
5.4850000000e+03 3.6119400000e-01
5.4860000000e+03 3.6117200000e-01
5.4870000000e+03 3.6115000000e-01
5.4880000000e+03 3.6112800000e-01
5.4890000000e+03 3.6110500000e-01
5.4900000000e+03 3.6108300000e-01
5.4910000000e+03 3.6152900000e-01
5.4920000000e+03 3.6197600000e-01
5.4930000000e+03 3.6242200000e-01
5.4940000000e+03 3.6286800000e-01
5.4950000000e+03 3.6331500000e-01
5.4960000000e+03 3.6376100000e-01
5.4970000000e+03 3.6420700000e-01
5.4980000000e+03 3.6465300000e-01
5.4990000000e+03 3.6510000000e-01
5.5000000000e+03 3.6554600000e-01
5.5010000000e+03 3.6506100000e-01
5.5020000000e+03 3.6457500000e-01
5.5030000000e+03 3.6409000000e-01
5.5040000000e+03 3.6360400000e-01
5.5050000000e+03 3.6311800000e-01
5.5060000000e+03 3.6263100000e-01
5.5070000000e+03 3.6214500000e-01
5.5080000000e+03 3.6165800000e-01
5.5090000000e+03 3.6117000000e-01
5.5100000000e+03 3.6068300000e-01
5.5110000000e+03 3.6060400000e-01
5.5120000000e+03 3.6052400000e-01
5.5130000000e+03 3.6044400000e-01
5.5140000000e+03 3.6036400000e-01
5.5150000000e+03 3.6028500000e-01
5.5160000000e+03 3.6020500000e-01
5.5170000000e+03 3.6012500000e-01
5.5180000000e+03 3.6004600000e-01
5.5190000000e+03 3.5996500000e-01
5.5200000000e+03 3.5988500000e-01
5.5210000000e+03 3.5966100000e-01
5.5220000000e+03 3.5943500000e-01
5.5230000000e+03 3.5921000000e-01
5.5240000000e+03 3.5898500000e-01
5.5250000000e+03 3.5876000000e-01
5.5260000000e+03 3.5853400000e-01
5.5270000000e+03 3.5830900000e-01
5.5280000000e+03 3.5808300000e-01
5.5290000000e+03 3.5785700000e-01
5.5300000000e+03 3.5763100000e-01
5.5310000000e+03 3.5753200000e-01
5.5320000000e+03 3.5743200000e-01
5.5330000000e+03 3.5733200000e-01
5.5340000000e+03 3.5723200000e-01
5.5350000000e+03 3.5713100000e-01
5.5360000000e+03 3.5703100000e-01
5.5370000000e+03 3.5693100000e-01
5.5380000000e+03 3.5683100000e-01
5.5390000000e+03 3.5673000000e-01
5.5400000000e+03 3.5662900000e-01
5.5410000000e+03 3.5624900000e-01
5.5420000000e+03 3.5586900000e-01
5.5430000000e+03 3.5548900000e-01
5.5440000000e+03 3.5510900000e-01
5.5450000000e+03 3.5472900000e-01
5.5460000000e+03 3.5434800000e-01
5.5470000000e+03 3.5396700000e-01
5.5480000000e+03 3.5358700000e-01
5.5490000000e+03 3.5320600000e-01
5.5500000000e+03 3.5282600000e-01
5.5510000000e+03 3.5292500000e-01
5.5520000000e+03 3.5302400000e-01
5.5530000000e+03 3.5312300000e-01
5.5540000000e+03 3.5322100000e-01
5.5550000000e+03 3.5332000000e-01
5.5560000000e+03 3.5342000000e-01
5.5570000000e+03 3.5351900000e-01
5.5580000000e+03 3.5361800000e-01
5.5590000000e+03 3.5371700000e-01
5.5600000000e+03 3.5381500000e-01
5.5610000000e+03 3.5323100000e-01
5.5620000000e+03 3.5264700000e-01
5.5630000000e+03 3.5206300000e-01
5.5640000000e+03 3.5147800000e-01
5.5650000000e+03 3.5089400000e-01
5.5660000000e+03 3.5030900000e-01
5.5670000000e+03 3.4972400000e-01
5.5680000000e+03 3.4913900000e-01
5.5690000000e+03 3.4855400000e-01
5.5700000000e+03 3.4796900000e-01
5.5710000000e+03 3.4804400000e-01
5.5720000000e+03 3.4812000000e-01
5.5730000000e+03 3.4819500000e-01
5.5740000000e+03 3.4827000000e-01
5.5750000000e+03 3.4834400000e-01
5.5760000000e+03 3.4842000000e-01
5.5770000000e+03 3.4849400000e-01
5.5780000000e+03 3.4856900000e-01
5.5790000000e+03 3.4864300000e-01
5.5800000000e+03 3.4871800000e-01
5.5810000000e+03 3.4830800000e-01
5.5820000000e+03 3.4789700000e-01
5.5830000000e+03 3.4748800000e-01
5.5840000000e+03 3.4707800000e-01
5.5850000000e+03 3.4666600000e-01
5.5860000000e+03 3.4625600000e-01
5.5870000000e+03 3.4584500000e-01
5.5880000000e+03 3.4543400000e-01
5.5890000000e+03 3.4502300000e-01
5.5900000000e+03 3.4461200000e-01
5.5910000000e+03 3.4439900000e-01
5.5920000000e+03 3.4418600000e-01
5.5930000000e+03 3.4397300000e-01
5.5940000000e+03 3.4376100000e-01
5.5950000000e+03 3.4354700000e-01
5.5960000000e+03 3.4333400000e-01
5.5970000000e+03 3.4312100000e-01
5.5980000000e+03 3.4290700000e-01
5.5990000000e+03 3.4269300000e-01
5.6000000000e+03 3.4247900000e-01
5.6010000000e+03 3.4195800000e-01
5.6020000000e+03 3.4143700000e-01
5.6030000000e+03 3.4091500000e-01
5.6040000000e+03 3.4039400000e-01
5.6050000000e+03 3.3987200000e-01
5.6060000000e+03 3.3935000000e-01
5.6070000000e+03 3.3882800000e-01
5.6080000000e+03 3.3830500000e-01
5.6090000000e+03 3.3778300000e-01
5.6100000000e+03 3.3725900000e-01
5.6110000000e+03 3.3713800000e-01
5.6120000000e+03 3.3701600000e-01
5.6130000000e+03 3.3689400000e-01
5.6140000000e+03 3.3677100000e-01
5.6150000000e+03 3.3664900000e-01
5.6160000000e+03 3.3652700000e-01
5.6170000000e+03 3.3640400000e-01
5.6180000000e+03 3.3628200000e-01
5.6190000000e+03 3.3615900000e-01
5.6200000000e+03 3.3603600000e-01
5.6210000000e+03 3.3574700000e-01
5.6220000000e+03 3.3545800000e-01
5.6230000000e+03 3.3516800000e-01
5.6240000000e+03 3.3488000000e-01
5.6250000000e+03 3.3459000000e-01
5.6260000000e+03 3.3430100000e-01
5.6270000000e+03 3.3401200000e-01
5.6280000000e+03 3.3372300000e-01
5.6290000000e+03 3.3343400000e-01
5.6300000000e+03 3.3314500000e-01
5.6310000000e+03 3.3343100000e-01
5.6320000000e+03 3.3371800000e-01
5.6330000000e+03 3.3400500000e-01
5.6340000000e+03 3.3429200000e-01
5.6350000000e+03 3.3457900000e-01
5.6360000000e+03 3.3486700000e-01
5.6370000000e+03 3.3515400000e-01
5.6380000000e+03 3.3544100000e-01
5.6390000000e+03 3.3572800000e-01
5.6400000000e+03 3.3601500000e-01
5.6410000000e+03 3.3544800000e-01
5.6420000000e+03 3.3488100000e-01
5.6430000000e+03 3.3431400000e-01
5.6440000000e+03 3.3374700000e-01
5.6450000000e+03 3.3317900000e-01
5.6460000000e+03 3.3261200000e-01
5.6470000000e+03 3.3204300000e-01
5.6480000000e+03 3.3147600000e-01
5.6490000000e+03 3.3090800000e-01
5.6500000000e+03 3.3034000000e-01
5.6510000000e+03 3.2984700000e-01
5.6520000000e+03 3.2935400000e-01
5.6530000000e+03 3.2886200000e-01
5.6540000000e+03 3.2836900000e-01
5.6550000000e+03 3.2787600000e-01
5.6560000000e+03 3.2738300000e-01
5.6570000000e+03 3.2689000000e-01
5.6580000000e+03 3.2639700000e-01
5.6590000000e+03 3.2590400000e-01
5.6600000000e+03 3.2541100000e-01
5.6610000000e+03 3.2540300000e-01
5.6620000000e+03 3.2539400000e-01
5.6630000000e+03 3.2538600000e-01
5.6640000000e+03 3.2537700000e-01
5.6650000000e+03 3.2536900000e-01
5.6660000000e+03 3.2536100000e-01
5.6670000000e+03 3.2535300000e-01
5.6680000000e+03 3.2534400000e-01
5.6690000000e+03 3.2533600000e-01
5.6700000000e+03 3.2532800000e-01
5.6710000000e+03 3.2524600000e-01
5.6720000000e+03 3.2516500000e-01
5.6730000000e+03 3.2508500000e-01
5.6740000000e+03 3.2500400000e-01
5.6750000000e+03 3.2492200000e-01
5.6760000000e+03 3.2484100000e-01
5.6770000000e+03 3.2476100000e-01
5.6780000000e+03 3.2467900000e-01
5.6790000000e+03 3.2459900000e-01
5.6800000000e+03 3.2451700000e-01
5.6810000000e+03 3.2383700000e-01
5.6820000000e+03 3.2315700000e-01
5.6830000000e+03 3.2247700000e-01
5.6840000000e+03 3.2179700000e-01
5.6850000000e+03 3.2111600000e-01
5.6860000000e+03 3.2043400000e-01
5.6870000000e+03 3.1975400000e-01
5.6880000000e+03 3.1907200000e-01
5.6890000000e+03 3.1839000000e-01
5.6900000000e+03 3.1770900000e-01
5.6910000000e+03 3.1747900000e-01
5.6920000000e+03 3.1725000000e-01
5.6930000000e+03 3.1702100000e-01
5.6940000000e+03 3.1679100000e-01
5.6950000000e+03 3.1656300000e-01
5.6960000000e+03 3.1633300000e-01
5.6970000000e+03 3.1610400000e-01
5.6980000000e+03 3.1587500000e-01
5.6990000000e+03 3.1564500000e-01
5.7000000000e+03 3.1541600000e-01
5.7010000000e+03 3.1529900000e-01
5.7020000000e+03 3.1518300000e-01
5.7030000000e+03 3.1506800000e-01
5.7040000000e+03 3.1495100000e-01
5.7050000000e+03 3.1483500000e-01
5.7060000000e+03 3.1471800000e-01
5.7070000000e+03 3.1460300000e-01
5.7080000000e+03 3.1448600000e-01
5.7090000000e+03 3.1437000000e-01
5.7100000000e+03 3.1425400000e-01
5.7110000000e+03 3.1394200000e-01
5.7120000000e+03 3.1363000000e-01
5.7130000000e+03 3.1331900000e-01
5.7140000000e+03 3.1300700000e-01
5.7150000000e+03 3.1269500000e-01
5.7160000000e+03 3.1238400000e-01
5.7170000000e+03 3.1207200000e-01
5.7180000000e+03 3.1176100000e-01
5.7190000000e+03 3.1144900000e-01
5.7200000000e+03 3.1113800000e-01
5.7210000000e+03 3.1025300000e-01
5.7220000000e+03 3.0937000000e-01
5.7230000000e+03 3.0848600000e-01
5.7240000000e+03 3.0760300000e-01
5.7250000000e+03 3.0671900000e-01
5.7260000000e+03 3.0583600000e-01
5.7270000000e+03 3.0495300000e-01
5.7280000000e+03 3.0407100000e-01
5.7290000000e+03 3.0318800000e-01
5.7300000000e+03 3.0230500000e-01
5.7310000000e+03 3.0244700000e-01
5.7320000000e+03 3.0258700000e-01
5.7330000000e+03 3.0272900000e-01
5.7340000000e+03 3.0287100000e-01
5.7350000000e+03 3.0301200000e-01
5.7360000000e+03 3.0315400000e-01
5.7370000000e+03 3.0329600000e-01
5.7380000000e+03 3.0343800000e-01
5.7390000000e+03 3.0358100000e-01
5.7400000000e+03 3.0372300000e-01
5.7410000000e+03 3.0310800000e-01
5.7420000000e+03 3.0249600000e-01
5.7430000000e+03 3.0188200000e-01
5.7440000000e+03 3.0126800000e-01
5.7450000000e+03 3.0065500000e-01
5.7460000000e+03 3.0004100000e-01
5.7470000000e+03 2.9942800000e-01
5.7480000000e+03 2.9881500000e-01
5.7490000000e+03 2.9820200000e-01
5.7500000000e+03 2.9758900000e-01
5.7510000000e+03 2.9731500000e-01
5.7520000000e+03 2.9704000000e-01
5.7530000000e+03 2.9676500000e-01
5.7540000000e+03 2.9648900000e-01
5.7550000000e+03 2.9621500000e-01
5.7560000000e+03 2.9593900000e-01
5.7570000000e+03 2.9566500000e-01
5.7580000000e+03 2.9538900000e-01
5.7590000000e+03 2.9511300000e-01
5.7600000000e+03 2.9483900000e-01
5.7610000000e+03 2.9436100000e-01
5.7620000000e+03 2.9388500000e-01
5.7630000000e+03 2.9340900000e-01
5.7640000000e+03 2.9293200000e-01
5.7650000000e+03 2.9245600000e-01
5.7660000000e+03 2.9198000000e-01
5.7670000000e+03 2.9150400000e-01
5.7680000000e+03 2.9102800000e-01
5.7690000000e+03 2.9055200000e-01
5.7700000000e+03 2.9007500000e-01
5.7710000000e+03 2.8983100000e-01
5.7720000000e+03 2.8958600000e-01
5.7730000000e+03 2.8934100000e-01
5.7740000000e+03 2.8909700000e-01
5.7750000000e+03 2.8885100000e-01
5.7760000000e+03 2.8860600000e-01
5.7770000000e+03 2.8836100000e-01
5.7780000000e+03 2.8811600000e-01
5.7790000000e+03 2.8787100000e-01
5.7800000000e+03 2.8762600000e-01
5.7810000000e+03 2.8725700000e-01
5.7820000000e+03 2.8688600000e-01
5.7830000000e+03 2.8651700000e-01
5.7840000000e+03 2.8614600000e-01
5.7850000000e+03 2.8577700000e-01
5.7860000000e+03 2.8540700000e-01
5.7870000000e+03 2.8503700000e-01
5.7880000000e+03 2.8466700000e-01
5.7890000000e+03 2.8429700000e-01
5.7900000000e+03 2.8392700000e-01
5.7910000000e+03 2.8379800000e-01
5.7920000000e+03 2.8366800000e-01
5.7930000000e+03 2.8353800000e-01
5.7940000000e+03 2.8340900000e-01
5.7950000000e+03 2.8327900000e-01
5.7960000000e+03 2.8315000000e-01
5.7970000000e+03 2.8302100000e-01
5.7980000000e+03 2.8289100000e-01
5.7990000000e+03 2.8276200000e-01
5.8000000000e+03 2.8263200000e-01
5.8010000000e+03 2.8193300000e-01
5.8020000000e+03 2.8123300000e-01
5.8030000000e+03 2.8053300000e-01
5.8040000000e+03 2.7983300000e-01
5.8050000000e+03 2.7913300000e-01
5.8060000000e+03 2.7843300000e-01
5.8070000000e+03 2.7773400000e-01
5.8080000000e+03 2.7703400000e-01
5.8090000000e+03 2.7633500000e-01
5.8100000000e+03 2.7563500000e-01
5.8110000000e+03 2.7542700000e-01
5.8120000000e+03 2.7521800000e-01
5.8130000000e+03 2.7501000000e-01
5.8140000000e+03 2.7480100000e-01
5.8150000000e+03 2.7459200000e-01
5.8160000000e+03 2.7438400000e-01
5.8170000000e+03 2.7417500000e-01
5.8180000000e+03 2.7396600000e-01
5.8190000000e+03 2.7375700000e-01
5.8200000000e+03 2.7354900000e-01
5.8210000000e+03 2.7284500000e-01
5.8220000000e+03 2.7214100000e-01
5.8230000000e+03 2.7143700000e-01
5.8240000000e+03 2.7073300000e-01
5.8250000000e+03 2.7002800000e-01
5.8260000000e+03 2.6932300000e-01
5.8270000000e+03 2.6861900000e-01
5.8280000000e+03 2.6791300000e-01
5.8290000000e+03 2.6720900000e-01
5.8300000000e+03 2.6650300000e-01
5.8310000000e+03 2.6616800000e-01
5.8320000000e+03 2.6583400000e-01
5.8330000000e+03 2.6549900000e-01
5.8340000000e+03 2.6516400000e-01
5.8350000000e+03 2.6483000000e-01
5.8360000000e+03 2.6449500000e-01
5.8370000000e+03 2.6416000000e-01
5.8380000000e+03 2.6382600000e-01
5.8390000000e+03 2.6349100000e-01
5.8400000000e+03 2.6315700000e-01
5.8410000000e+03 2.6257000000e-01
5.8420000000e+03 2.6198300000e-01
5.8430000000e+03 2.6139600000e-01
5.8440000000e+03 2.6081000000e-01
5.8450000000e+03 2.6022300000e-01
5.8460000000e+03 2.5963600000e-01
5.8470000000e+03 2.5904900000e-01
5.8480000000e+03 2.5846200000e-01
5.8490000000e+03 2.5787500000e-01
5.8500000000e+03 2.5728800000e-01
5.8510000000e+03 2.5694900000e-01
5.8520000000e+03 2.5661000000e-01
5.8530000000e+03 2.5627100000e-01
5.8540000000e+03 2.5593300000e-01
5.8550000000e+03 2.5559300000e-01
5.8560000000e+03 2.5525400000e-01
5.8570000000e+03 2.5491600000e-01
5.8580000000e+03 2.5457700000e-01
5.8590000000e+03 2.5423900000e-01
5.8600000000e+03 2.5390000000e-01
5.8610000000e+03 2.5324300000e-01
5.8620000000e+03 2.5258600000e-01
5.8630000000e+03 2.5192900000e-01
5.8640000000e+03 2.5127100000e-01
5.8650000000e+03 2.5061300000e-01
5.8660000000e+03 2.4995500000e-01
5.8670000000e+03 2.4929700000e-01
5.8680000000e+03 2.4863800000e-01
5.8690000000e+03 2.4797900000e-01
5.8700000000e+03 2.4732100000e-01
5.8710000000e+03 2.4693500000e-01
5.8720000000e+03 2.4654900000e-01
5.8730000000e+03 2.4616400000e-01
5.8740000000e+03 2.4577800000e-01
5.8750000000e+03 2.4539200000e-01
5.8760000000e+03 2.4500700000e-01
5.8770000000e+03 2.4462100000e-01
5.8780000000e+03 2.4423500000e-01
5.8790000000e+03 2.4385000000e-01
5.8800000000e+03 2.4346400000e-01
5.8810000000e+03 2.4266200000e-01
5.8820000000e+03 2.4186000000e-01
5.8830000000e+03 2.4105700000e-01
5.8840000000e+03 2.4025400000e-01
5.8850000000e+03 2.3945100000e-01
5.8860000000e+03 2.3864800000e-01
5.8870000000e+03 2.3784400000e-01
5.8880000000e+03 2.3704100000e-01
5.8890000000e+03 2.3623700000e-01
5.8900000000e+03 2.3543300000e-01
5.8910000000e+03 2.3503800000e-01
5.8920000000e+03 2.3464400000e-01
5.8930000000e+03 2.3425000000e-01
5.8940000000e+03 2.3385500000e-01
5.8950000000e+03 2.3346100000e-01
5.8960000000e+03 2.3306600000e-01
5.8970000000e+03 2.3267100000e-01
5.8980000000e+03 2.3227600000e-01
5.8990000000e+03 2.3188100000e-01
5.9000000000e+03 2.3148600000e-01
5.9010000000e+03 2.3070900000e-01
5.9020000000e+03 2.2993000000e-01
5.9030000000e+03 2.2915300000e-01
5.9040000000e+03 2.2837500000e-01
5.9050000000e+03 2.2759700000e-01
5.9060000000e+03 2.2681800000e-01
5.9070000000e+03 2.2604000000e-01
5.9080000000e+03 2.2526200000e-01
5.9090000000e+03 2.2448400000e-01
5.9100000000e+03 2.2370500000e-01
5.9110000000e+03 2.2323000000e-01
5.9120000000e+03 2.2275500000e-01
5.9130000000e+03 2.2227900000e-01
5.9140000000e+03 2.2180400000e-01
5.9150000000e+03 2.2132900000e-01
5.9160000000e+03 2.2085300000e-01
5.9170000000e+03 2.2037800000e-01
5.9180000000e+03 2.1990300000e-01
5.9190000000e+03 2.1942800000e-01
5.9200000000e+03 2.1895300000e-01
5.9210000000e+03 2.1833200000e-01
5.9220000000e+03 2.1771100000e-01
5.9230000000e+03 2.1709000000e-01
5.9240000000e+03 2.1646800000e-01
5.9250000000e+03 2.1584700000e-01
5.9260000000e+03 2.1522400000e-01
5.9270000000e+03 2.1460200000e-01
5.9280000000e+03 2.1398000000e-01
5.9290000000e+03 2.1335700000e-01
5.9300000000e+03 2.1273500000e-01
5.9310000000e+03 2.1250100000e-01
5.9320000000e+03 2.1226700000e-01
5.9330000000e+03 2.1203400000e-01
5.9340000000e+03 2.1180000000e-01
5.9350000000e+03 2.1156600000e-01
5.9360000000e+03 2.1133200000e-01
5.9370000000e+03 2.1109900000e-01
5.9380000000e+03 2.1086500000e-01
5.9390000000e+03 2.1063100000e-01
5.9400000000e+03 2.1039700000e-01
5.9410000000e+03 2.0997800000e-01
5.9420000000e+03 2.0955900000e-01
5.9430000000e+03 2.0914000000e-01
5.9440000000e+03 2.0872100000e-01
5.9450000000e+03 2.0830200000e-01
5.9460000000e+03 2.0788200000e-01
5.9470000000e+03 2.0746300000e-01
5.9480000000e+03 2.0704300000e-01
5.9490000000e+03 2.0662400000e-01
5.9500000000e+03 2.0620400000e-01
5.9510000000e+03 2.0561400000e-01
5.9520000000e+03 2.0502200000e-01
5.9530000000e+03 2.0443100000e-01
5.9540000000e+03 2.0384000000e-01
5.9550000000e+03 2.0324900000e-01
5.9560000000e+03 2.0265700000e-01
5.9570000000e+03 2.0206500000e-01
5.9580000000e+03 2.0147300000e-01
5.9590000000e+03 2.0088100000e-01
5.9600000000e+03 2.0028900000e-01
5.9610000000e+03 2.0002400000e-01
5.9620000000e+03 1.9976000000e-01
5.9630000000e+03 1.9949500000e-01
5.9640000000e+03 1.9923000000e-01
5.9650000000e+03 1.9896500000e-01
5.9660000000e+03 1.9870000000e-01
5.9670000000e+03 1.9843500000e-01
5.9680000000e+03 1.9817000000e-01
5.9690000000e+03 1.9790500000e-01
5.9700000000e+03 1.9764000000e-01
5.9710000000e+03 1.9753500000e-01
5.9720000000e+03 1.9743100000e-01
5.9730000000e+03 1.9732600000e-01
5.9740000000e+03 1.9722200000e-01
5.9750000000e+03 1.9711700000e-01
5.9760000000e+03 1.9701200000e-01
5.9770000000e+03 1.9690800000e-01
5.9780000000e+03 1.9680300000e-01
5.9790000000e+03 1.9669900000e-01
5.9800000000e+03 1.9659400000e-01
5.9810000000e+03 1.9639000000e-01
5.9820000000e+03 1.9618700000e-01
5.9830000000e+03 1.9598300000e-01
5.9840000000e+03 1.9577900000e-01
5.9850000000e+03 1.9557500000e-01
5.9860000000e+03 1.9537100000e-01
5.9870000000e+03 1.9516700000e-01
5.9880000000e+03 1.9496300000e-01
5.9890000000e+03 1.9475800000e-01
5.9900000000e+03 1.9455400000e-01
5.9910000000e+03 1.9445100000e-01
5.9920000000e+03 1.9434800000e-01
5.9930000000e+03 1.9424500000e-01
5.9940000000e+03 1.9414200000e-01
5.9950000000e+03 1.9403900000e-01
5.9960000000e+03 1.9393500000e-01
5.9970000000e+03 1.9383200000e-01
5.9980000000e+03 1.9372900000e-01
5.9990000000e+03 1.9362500000e-01
6.0000000000e+03 1.9352200000e-01
6.0010000000e+03 1.9287300000e-01
6.0020000000e+03 1.9222300000e-01
6.0030000000e+03 1.9157300000e-01
6.0040000000e+03 1.9092300000e-01
6.0050000000e+03 1.9027300000e-01
6.0060000000e+03 1.8962200000e-01
6.0070000000e+03 1.8897200000e-01
6.0080000000e+03 1.8832100000e-01
6.0090000000e+03 1.8766900000e-01
6.0100000000e+03 1.8701800000e-01
6.0110000000e+03 1.8644500000e-01
6.0120000000e+03 1.8587200000e-01
6.0130000000e+03 1.8529900000e-01
6.0140000000e+03 1.8472500000e-01
6.0150000000e+03 1.8415200000e-01
6.0160000000e+03 1.8357900000e-01
6.0170000000e+03 1.8300500000e-01
6.0180000000e+03 1.8243100000e-01
6.0190000000e+03 1.8185700000e-01
6.0200000000e+03 1.8128300000e-01
6.0210000000e+03 1.8000000000e-01
6.0220000000e+03 1.7871600000e-01
6.0230000000e+03 1.7743100000e-01
6.0240000000e+03 1.7614600000e-01
6.0250000000e+03 1.7486000000e-01
6.0260000000e+03 1.7357500000e-01
6.0270000000e+03 1.7228800000e-01
6.0280000000e+03 1.7100100000e-01
6.0290000000e+03 1.6971400000e-01
6.0300000000e+03 1.6842600000e-01
6.0310000000e+03 1.6714800000e-01
6.0320000000e+03 1.6587000000e-01
6.0330000000e+03 1.6459100000e-01
6.0340000000e+03 1.6331100000e-01
6.0350000000e+03 1.6203000000e-01
6.0360000000e+03 1.6074900000e-01
6.0370000000e+03 1.5946700000e-01
6.0380000000e+03 1.5818500000e-01
6.0390000000e+03 1.5690200000e-01
6.0400000000e+03 1.5561800000e-01
6.0410000000e+03 1.5376100000e-01
6.0420000000e+03 1.5190500000e-01
6.0430000000e+03 1.5004700000e-01
6.0440000000e+03 1.4818900000e-01
6.0450000000e+03 1.4633100000e-01
6.0460000000e+03 1.4447300000e-01
6.0470000000e+03 1.4261400000e-01
6.0480000000e+03 1.4075500000e-01
6.0490000000e+03 1.3889500000e-01
6.0500000000e+03 1.3703500000e-01
6.0510000000e+03 1.3481700000e-01
6.0520000000e+03 1.3259800000e-01
6.0530000000e+03 1.3037900000e-01
6.0540000000e+03 1.2815800000e-01
6.0550000000e+03 1.2593700000e-01
6.0560000000e+03 1.2371600000e-01
6.0570000000e+03 1.2149300000e-01
6.0580000000e+03 1.1927000000e-01
6.0590000000e+03 1.1704700000e-01
6.0600000000e+03 1.1482200000e-01
6.0610000000e+03 1.1255400000e-01
6.0620000000e+03 1.1028500000e-01
6.0630000000e+03 1.0801500000e-01
6.0640000000e+03 1.0574400000e-01
6.0650000000e+03 1.0347300000e-01
6.0660000000e+03 1.0120100000e-01
6.0670000000e+03 9.8927700000e-02
6.0680000000e+03 9.6654200000e-02
6.0690000000e+03 9.4379600000e-02
6.0700000000e+03 9.2104300000e-02
6.0710000000e+03 9.0098000000e-02
6.0720000000e+03 8.8091200000e-02
6.0730000000e+03 8.6084100000e-02
6.0740000000e+03 8.4076200000e-02
6.0750000000e+03 8.2068400000e-02
6.0760000000e+03 8.0059800000e-02
6.0770000000e+03 7.8050700000e-02
6.0780000000e+03 7.6041300000e-02
6.0790000000e+03 7.4031500000e-02
6.0800000000e+03 7.2021100000e-02
6.0810000000e+03 7.0245100000e-02
6.0820000000e+03 6.8468300000e-02
6.0830000000e+03 6.6690900000e-02
6.0840000000e+03 6.4912800000e-02
6.0850000000e+03 6.3134200000e-02
6.0860000000e+03 6.1354800000e-02
6.0870000000e+03 5.9574600000e-02
6.0880000000e+03 5.7794100000e-02
6.0890000000e+03 5.6012700000e-02
6.0900000000e+03 5.4230600000e-02
6.0910000000e+03 5.2886800000e-02
6.0920000000e+03 5.1542700000e-02
6.0930000000e+03 5.0198100000e-02
6.0940000000e+03 4.8853300000e-02
6.0950000000e+03 4.7507900000e-02
6.0960000000e+03 4.6162300000e-02
6.0970000000e+03 4.4816300000e-02
6.0980000000e+03 4.3469800000e-02
6.0990000000e+03 4.2123000000e-02
6.1000000000e+03 4.0775800000e-02
6.1010000000e+03 3.9722100000e-02
6.1020000000e+03 3.8668400000e-02
6.1030000000e+03 3.7614200000e-02
6.1040000000e+03 3.6559900000e-02
6.1050000000e+03 3.5505200000e-02
6.1060000000e+03 3.4450200000e-02
6.1070000000e+03 3.3395100000e-02
6.1080000000e+03 3.2339600000e-02
6.1090000000e+03 3.1283900000e-02
6.1100000000e+03 3.0227900000e-02
6.1110000000e+03 2.9478800000e-02
6.1120000000e+03 2.8729300000e-02
6.1130000000e+03 2.7979500000e-02
6.1140000000e+03 2.7229400000e-02
6.1150000000e+03 2.6478900000e-02
6.1160000000e+03 2.5728100000e-02
6.1170000000e+03 2.4976900000e-02
6.1180000000e+03 2.4225400000e-02
6.1190000000e+03 2.3473600000e-02
6.1200000000e+03 2.2721400000e-02
6.1210000000e+03 2.2147500000e-02
6.1220000000e+03 2.1573400000e-02
6.1230000000e+03 2.0999100000e-02
6.1240000000e+03 2.0424700000e-02
6.1250000000e+03 1.9850100000e-02
6.1260000000e+03 1.9275300000e-02
6.1270000000e+03 1.8700300000e-02
6.1280000000e+03 1.8125200000e-02
6.1290000000e+03 1.7549800000e-02
6.1300000000e+03 1.6974300000e-02
6.1310000000e+03 1.6551600000e-02
6.1320000000e+03 1.6128700000e-02
6.1330000000e+03 1.5705600000e-02
6.1340000000e+03 1.5282500000e-02
6.1350000000e+03 1.4859100000e-02
6.1360000000e+03 1.4435600000e-02
6.1370000000e+03 1.4012000000e-02
6.1380000000e+03 1.3588300000e-02
6.1390000000e+03 1.3164400000e-02
6.1400000000e+03 1.2740400000e-02
6.1410000000e+03 1.2418300000e-02
6.1420000000e+03 1.2096100000e-02
6.1430000000e+03 1.1773800000e-02
6.1440000000e+03 1.1451400000e-02
6.1450000000e+03 1.1128800000e-02
6.1460000000e+03 1.0806200000e-02
6.1470000000e+03 1.0483400000e-02
6.1480000000e+03 1.0160500000e-02
6.1490000000e+03 9.8374900000e-03
6.1500000000e+03 9.5143600000e-03
6.1510000000e+03 9.2879400000e-03
6.1520000000e+03 9.0614600000e-03
6.1530000000e+03 8.8349300000e-03
6.1540000000e+03 8.6083600000e-03
6.1550000000e+03 8.3817300000e-03
6.1560000000e+03 8.1550500000e-03
6.1570000000e+03 7.9283300000e-03
6.1580000000e+03 7.7015600000e-03
6.1590000000e+03 7.4747500000e-03
6.1600000000e+03 7.2478900000e-03
6.1610000000e+03 7.0820400000e-03
6.1620000000e+03 6.9161500000e-03
6.1630000000e+03 6.7501900000e-03
6.1640000000e+03 6.5841600000e-03
6.1650000000e+03 6.4180600000e-03
6.1660000000e+03 6.2519000000e-03
6.1670000000e+03 6.0856500000e-03
6.1680000000e+03 5.9193500000e-03
6.1690000000e+03 5.7529800000e-03
6.1700000000e+03 5.5865500000e-03
6.1710000000e+03 5.4627800000e-03
6.1720000000e+03 5.3389700000e-03
6.1730000000e+03 5.2151200000e-03
6.1740000000e+03 5.0912100000e-03
6.1750000000e+03 4.9672700000e-03
6.1760000000e+03 4.8432700000e-03
6.1770000000e+03 4.7192300000e-03
6.1780000000e+03 4.5951500000e-03
6.1790000000e+03 4.4710100000e-03
6.1800000000e+03 4.3468400000e-03
6.1810000000e+03 4.3162900000e-03
6.1820000000e+03 4.2857500000e-03
6.1830000000e+03 4.2551900000e-03
6.1840000000e+03 4.2246200000e-03
6.1850000000e+03 4.1940400000e-03
6.1860000000e+03 4.1634600000e-03
6.1870000000e+03 4.1328500000e-03
6.1880000000e+03 4.1022400000e-03
6.1890000000e+03 4.0716200000e-03
6.1900000000e+03 4.0409900000e-03
6.1910000000e+03 4.0104500000e-03
6.1920000000e+03 3.9799000000e-03
6.1930000000e+03 3.9493500000e-03
6.1940000000e+03 3.9187700000e-03
6.1950000000e+03 3.8881900000e-03
6.1960000000e+03 3.8575900000e-03
6.1970000000e+03 3.8269900000e-03
6.1980000000e+03 3.7963700000e-03
6.1990000000e+03 3.7657400000e-03
6.2000000000e+03 3.7350900000e-03
6.2010000000e+03 3.6781300000e-03
6.2020000000e+03 3.6211500000e-03
6.2030000000e+03 3.5641700000e-03
6.2040000000e+03 3.5071800000e-03
6.2050000000e+03 3.4501800000e-03
6.2060000000e+03 3.3931700000e-03
6.2070000000e+03 3.3361500000e-03
6.2080000000e+03 3.2791300000e-03
6.2090000000e+03 3.2220900000e-03
6.2100000000e+03 3.1650500000e-03
6.2110000000e+03 3.1080300000e-03
6.2120000000e+03 3.0509800000e-03
6.2130000000e+03 2.9939400000e-03
6.2140000000e+03 2.9368700000e-03
6.2150000000e+03 2.8798100000e-03
6.2160000000e+03 2.8227300000e-03
6.2170000000e+03 2.7656400000e-03
6.2180000000e+03 2.7085500000e-03
6.2190000000e+03 2.6514500000e-03
6.2200000000e+03 2.5943400000e-03
6.2210000000e+03 2.5374800000e-03
6.2220000000e+03 2.4806000000e-03
6.2230000000e+03 2.4237100000e-03
6.2240000000e+03 2.3667800000e-03
6.2250000000e+03 2.3098400000e-03
6.2260000000e+03 2.2528900000e-03
6.2270000000e+03 2.1959100000e-03
6.2280000000e+03 2.1389100000e-03
6.2290000000e+03 2.0818800000e-03
6.2300000000e+03 2.0248400000e-03
6.2310000000e+03 1.9675900000e-03
6.2320000000e+03 1.9103200000e-03
6.2330000000e+03 1.8530500000e-03
6.2340000000e+03 1.7957600000e-03
6.2350000000e+03 1.7384700000e-03
6.2360000000e+03 1.6811700000e-03
6.2370000000e+03 1.6238700000e-03
6.2380000000e+03 1.5665500000e-03
6.2390000000e+03 1.5092300000e-03
6.2400000000e+03 1.4518900000e-03
6.2410000000e+03 1.4312800000e-03
6.2420000000e+03 1.4106600000e-03
6.2430000000e+03 1.3900300000e-03
6.2440000000e+03 1.3694000000e-03
6.2450000000e+03 1.3487600000e-03
6.2460000000e+03 1.3281200000e-03
6.2470000000e+03 1.3074700000e-03
6.2480000000e+03 1.2868200000e-03
6.2490000000e+03 1.2661600000e-03
6.2500000000e+03 1.2455000000e-03
6.2510000000e+03 1.2248000000e-03
6.2520000000e+03 1.2041000000e-03
6.2530000000e+03 1.1834000000e-03
6.2540000000e+03 1.1626800000e-03
6.2550000000e+03 1.1419700000e-03
6.2560000000e+03 1.1212500000e-03
6.2570000000e+03 1.1005300000e-03
6.2580000000e+03 1.0798000000e-03
6.2590000000e+03 1.0590700000e-03
6.2600000000e+03 1.0383300000e-03
6.2610000000e+03 1.0176300000e-03
6.2620000000e+03 9.9691000000e-04
6.2630000000e+03 9.7618800000e-04
6.2640000000e+03 9.5546300000e-04
6.2650000000e+03 9.3472900000e-04
6.2660000000e+03 9.1399400000e-04
6.2670000000e+03 8.9325300000e-04
6.2680000000e+03 8.7250500000e-04
6.2690000000e+03 8.5175500000e-04
6.2700000000e+03 8.3099700000e-04
6.2710000000e+03 8.1029300000e-04
6.2720000000e+03 7.8958100000e-04
6.2730000000e+03 7.6886200000e-04
6.2740000000e+03 7.4813400000e-04
6.2750000000e+03 7.2739700000e-04
6.2760000000e+03 7.0665200000e-04
6.2770000000e+03 6.8590000000e-04
6.2780000000e+03 6.6513900000e-04
6.2790000000e+03 6.4436900000e-04
6.2800000000e+03 6.2359200000e-04
6.2810000000e+03 6.1496200000e-04
6.2820000000e+03 6.0633100000e-04
6.2830000000e+03 5.9769900000e-04
6.2840000000e+03 5.8906600000e-04
6.2850000000e+03 5.8043100000e-04
6.2860000000e+03 5.7179500000e-04
6.2870000000e+03 5.6316000000e-04
6.2880000000e+03 5.5452100000e-04
6.2890000000e+03 5.4588300000e-04
6.2900000000e+03 5.3724300000e-04
6.2910000000e+03 5.2861700000e-04
6.2920000000e+03 5.1999100000e-04
6.2930000000e+03 5.1136200000e-04
6.2940000000e+03 5.0273200000e-04
6.2950000000e+03 4.9410100000e-04
6.2960000000e+03 4.8546700000e-04
6.2970000000e+03 4.7683100000e-04
6.2980000000e+03 4.6819500000e-04
6.2990000000e+03 4.5955700000e-04
6.3000000000e+03 4.5091800000e-04
6.3010000000e+03 4.4227000000e-04
6.3020000000e+03 4.3362300000e-04
6.3030000000e+03 4.2497400000e-04
6.3040000000e+03 4.1632300000e-04
6.3050000000e+03 4.0767200000e-04
6.3060000000e+03 3.9901800000e-04
6.3070000000e+03 3.9036300000e-04
6.3080000000e+03 3.8170700000e-04
6.3090000000e+03 3.7304900000e-04
6.3100000000e+03 3.6439100000e-04
6.3110000000e+03 3.5575500000e-04
6.3120000000e+03 3.4711600000e-04
6.3130000000e+03 3.3847500000e-04
6.3140000000e+03 3.2983100000e-04
6.3150000000e+03 3.2118500000e-04
6.3160000000e+03 3.1253700000e-04
6.3170000000e+03 3.0388500000e-04
6.3180000000e+03 2.9523100000e-04
6.3190000000e+03 2.8657400000e-04
6.3200000000e+03 2.7791500000e-04
6.3210000000e+03 2.7443400000e-04
6.3220000000e+03 2.7095200000e-04
6.3230000000e+03 2.6747000000e-04
6.3240000000e+03 2.6398600000e-04
6.3250000000e+03 2.6050200000e-04
6.3260000000e+03 2.5701600000e-04
6.3270000000e+03 2.5352900000e-04
6.3280000000e+03 2.5004100000e-04
6.3290000000e+03 2.4655300000e-04
6.3300000000e+03 2.4306200000e-04
6.3310000000e+03 2.3957600000e-04
6.3320000000e+03 2.3608800000e-04
6.3330000000e+03 2.3259900000e-04
6.3340000000e+03 2.2910900000e-04
6.3350000000e+03 2.2561700000e-04
6.3360000000e+03 2.2212500000e-04
6.3370000000e+03 2.1863100000e-04
6.3380000000e+03 2.1513600000e-04
6.3390000000e+03 2.1164000000e-04
6.3400000000e+03 2.0814200000e-04
6.3410000000e+03 2.0461400000e-04
6.3420000000e+03 2.0108600000e-04
6.3430000000e+03 1.9755700000e-04
6.3440000000e+03 1.9402900000e-04
6.3450000000e+03 1.9050000000e-04
6.3460000000e+03 1.8697100000e-04
6.3470000000e+03 1.8344200000e-04
6.3480000000e+03 1.7991300000e-04
6.3490000000e+03 1.7638400000e-04
6.3500000000e+03 1.7285400000e-04
6.3510000000e+03 1.6934400000e-04
6.3520000000e+03 1.6583300000e-04
6.3530000000e+03 1.6232100000e-04
6.3540000000e+03 1.5880800000e-04
6.3550000000e+03 1.5529400000e-04
6.3560000000e+03 1.5177900000e-04
6.3570000000e+03 1.4826400000e-04
6.3580000000e+03 1.4474600000e-04
6.3590000000e+03 1.4122900000e-04
6.3600000000e+03 1.3771000000e-04
6.3610000000e+03 1.3610100000e-04
6.3620000000e+03 1.3449100000e-04
6.3630000000e+03 1.3288100000e-04
6.3640000000e+03 1.3127100000e-04
6.3650000000e+03 1.2966000000e-04
6.3660000000e+03 1.2805000000e-04
6.3670000000e+03 1.2643900000e-04
6.3680000000e+03 1.2482800000e-04
6.3690000000e+03 1.2321600000e-04
6.3700000000e+03 1.2160400000e-04
6.3710000000e+03 1.2000700000e-04
6.3720000000e+03 1.1841000000e-04
6.3730000000e+03 1.1681100000e-04
6.3740000000e+03 1.1521200000e-04
6.3750000000e+03 1.1361300000e-04
6.3760000000e+03 1.1201200000e-04
6.3770000000e+03 1.1041100000e-04
6.3780000000e+03 1.0881000000e-04
6.3790000000e+03 1.0720700000e-04
6.3800000000e+03 1.0560400000e-04
6.3810000000e+03 1.0399500000e-04
6.3820000000e+03 1.0238400000e-04
6.3830000000e+03 1.0077400000e-04
6.3840000000e+03 9.9162700000e-05
6.3850000000e+03 9.7551000000e-05
6.3860000000e+03 9.5938800000e-05
6.3870000000e+03 9.4326400000e-05
6.3880000000e+03 9.2713400000e-05
6.3890000000e+03 9.1100000000e-05
6.3900000000e+03 8.9485800000e-05
6.3910000000e+03 8.7865500000e-05
6.3920000000e+03 8.6244700000e-05
6.3930000000e+03 8.4624000000e-05
6.3940000000e+03 8.3002600000e-05
6.3950000000e+03 8.1381100000e-05
6.3960000000e+03 7.9759400000e-05
6.3970000000e+03 7.8137500000e-05
6.3980000000e+03 7.6515400000e-05
6.3990000000e+03 7.4892800000e-05
6.4000000000e+03 7.3270400000e-05
