# photband: HST_WFC3_F160W
# source: SVO Filter Profile Service
# svo_id: HST/WFC3_IR.F160W
# detector_type: 1
# response_type: photon
# components: Filter + CCD + Instrument
# profile_reference: https://www.stsci.edu/hst/instrumentation/wfc3/performance/throughputs
# wavelength_unit: Angstrom
# columns: wavelength transmission
1.3663735352e+04 1.2102600000e-04
1.3670000000e+04 1.6213800000e-04
1.3680000000e+04 2.2749700000e-04
1.3683740234e+04 2.5185900000e-04
1.3690000000e+04 2.7540200000e-04
1.3700000000e+04 3.1285900000e-04
1.3703746094e+04 3.2684100000e-04
1.3710000000e+04 3.7393800000e-04
1.3720000000e+04 4.4893900000e-04
1.3723750977e+04 4.7697400000e-04
1.3730000000e+04 5.2362600000e-04
1.3740000000e+04 5.9797500000e-04
1.3743756836e+04 6.2600100000e-04
1.3750000000e+04 6.8910300000e-04
1.3760000000e+04 7.8924900000e-04
1.3763761719e+04 8.2678900000e-04
1.3770000000e+04 1.0059600000e-03
1.3780000000e+04 1.2919900000e-03
1.3783767578e+04 1.3993800000e-03
1.3790000000e+04 1.5935300000e-03
1.3800000000e+04 1.9037600000e-03
1.3803773438e+04 2.0208600000e-03
1.3810000000e+04 2.2436300000e-03
1.3820000000e+04 2.6002700000e-03
1.3823778320e+04 2.7346600000e-03
1.3830000000e+04 3.1859200000e-03
1.3840000000e+04 3.9244600000e-03
1.3843784180e+04 4.2047100000e-03
1.3850000000e+04 4.9887500000e-03
1.3860000000e+04 6.2593200000e-03
1.3863789062e+04 6.7405300000e-03
1.3870000000e+04 8.0700600000e-03
1.3880000000e+04 1.0217600000e-02
1.3883794922e+04 1.1034800000e-02
1.3890000000e+04 1.3306600000e-02
1.3900000000e+04 1.6979600000e-02
1.3903799805e+04 1.8379100000e-02
1.3910000000e+04 2.2672100000e-02
1.3920000000e+04 2.9618300000e-02
1.3923805664e+04 3.2269000000e-02
1.3930000000e+04 4.1747500000e-02
1.3940000000e+04 5.7098400000e-02
1.3943810547e+04 6.2963900000e-02
1.3950000000e+04 7.8952600000e-02
1.3960000000e+04 1.0486700000e-01
1.3963817383e+04 1.1478700000e-01
1.3970000000e+04 1.4209700000e-01
1.3980000000e+04 1.8641100000e-01
1.3983822266e+04 2.0339500000e-01
1.3990000000e+04 2.3993400000e-01
1.4000000000e+04 2.9926800000e-01
1.4003827148e+04 3.2191700000e-01
1.4010000000e+04 3.5115400000e-01
1.4020000000e+04 3.9859500000e-01
1.4023833008e+04 4.1680400000e-01
1.4030000000e+04 4.3539000000e-01
1.4040000000e+04 4.6557600000e-01
1.4043837891e+04 4.7717600000e-01
1.4050000000e+04 4.8348900000e-01
1.4060000000e+04 4.9374900000e-01
1.4063843750e+04 4.9769800000e-01
1.4070000000e+04 4.9891900000e-01
1.4080000000e+04 5.0131300000e-01
1.4083848633e+04 5.0207900000e-01
1.4090000000e+04 5.0201000000e-01
1.4100000000e+04 5.0189700000e-01
1.4103855469e+04 5.0185400000e-01
1.4110000000e+04 5.0146000000e-01
1.4120000000e+04 5.0081800000e-01
1.4123860352e+04 5.0057000000e-01
1.4130000000e+04 5.0104400000e-01
1.4140000000e+04 5.0181600000e-01
1.4143865234e+04 5.0211400000e-01
1.4150000000e+04 5.0311800000e-01
1.4160000000e+04 5.0475500000e-01
1.4163871094e+04 5.0538900000e-01
1.4170000000e+04 5.0726600000e-01
1.4180000000e+04 5.1033200000e-01
1.4183875977e+04 5.1152200000e-01
1.4190000000e+04 5.1422400000e-01
1.4200000000e+04 5.1822000000e-01
1.4203881836e+04 5.1975300000e-01
1.4210000000e+04 5.2247600000e-01
1.4220000000e+04 5.2692800000e-01
1.4223886719e+04 5.2865900000e-01
1.4230000000e+04 5.3110800000e-01
1.4240000000e+04 5.3511400000e-01
1.4243892578e+04 5.3667300000e-01
1.4250000000e+04 5.3833500000e-01
1.4260000000e+04 5.4105700000e-01
1.4263898438e+04 5.4211800000e-01
1.4270000000e+04 5.4336900000e-01
1.4280000000e+04 5.4542000000e-01
1.4283904297e+04 5.4622100000e-01
1.4290000000e+04 5.4650100000e-01
1.4300000000e+04 5.4695900000e-01
1.4303909180e+04 5.4713800000e-01
1.4310000000e+04 5.4717900000e-01
1.4320000000e+04 5.4724600000e-01
1.4323914062e+04 5.4727200000e-01
1.4330000000e+04 5.4738100000e-01
1.4340000000e+04 5.4755900000e-01
1.4343919922e+04 5.4762900000e-01
1.4350000000e+04 5.4768700000e-01
1.4360000000e+04 5.4778100000e-01
1.4363924805e+04 5.4781800000e-01
1.4370000000e+04 5.4816500000e-01
1.4380000000e+04 5.4873500000e-01
1.4383930664e+04 5.4895900000e-01
1.4390000000e+04 5.4935600000e-01
1.4400000000e+04 5.4956000000e-01
1.4403935547e+04 5.4977600000e-01
1.4410000000e+04 5.4994000000e-01
1.4420000000e+04 5.5021000000e-01
1.4423942383e+04 5.5031600000e-01
1.4430000000e+04 5.5041100000e-01
1.4440000000e+04 5.5056900000e-01
1.4443947266e+04 5.5063100000e-01
1.4450000000e+04 5.5069300000e-01
1.4460000000e+04 5.5079500000e-01
1.4463952148e+04 5.5083500000e-01
1.4470000000e+04 5.5030500000e-01
1.4480000000e+04 5.4942900000e-01
1.4483958008e+04 5.4908300000e-01
1.4490000000e+04 5.4836800000e-01
1.4500000000e+04 5.4718600000e-01
1.4503962891e+04 5.4664100000e-01
1.4510000000e+04 5.4559300000e-01
1.4520000000e+04 5.4430300000e-01
1.4523968750e+04 5.4379100000e-01
1.4530000000e+04 5.4318100000e-01
1.4540000000e+04 5.4216900000e-01
1.4543973633e+04 5.4176600000e-01
1.4550000000e+04 5.4118900000e-01
1.4560000000e+04 5.4023100000e-01
1.4563980469e+04 5.3985000000e-01
1.4570000000e+04 5.3959200000e-01
1.4580000000e+04 5.3872300000e-01
1.4583985352e+04 5.3855200000e-01
1.4590000000e+04 5.3878300000e-01
1.4600000000e+04 5.3916600000e-01
1.4603991211e+04 5.3929500000e-01
1.4610000000e+04 5.3990900000e-01
1.4620000000e+04 5.4093200000e-01
1.4623996094e+04 5.4134100000e-01
1.4630000000e+04 5.4212300000e-01
1.4640000000e+04 5.4342700000e-01
1.4644000977e+04 5.4377100000e-01
1.4650000000e+04 5.4447000000e-01
1.4660000000e+04 5.4608100000e-01
1.4664006836e+04 5.4672700000e-01
1.4670000000e+04 5.4747600000e-01
1.4680000000e+04 5.4872500000e-01
1.4684011719e+04 5.4922600000e-01
1.4690000000e+04 5.4965600000e-01
1.4700000000e+04 5.5037400000e-01
1.4704017578e+04 5.5048100000e-01
1.4710000000e+04 5.5013700000e-01
1.4720000000e+04 5.5001500000e-01
1.4724023438e+04 5.4996500000e-01
1.4730000000e+04 5.4945700000e-01
1.4740000000e+04 5.4860600000e-01
1.4744029297e+04 5.4826300000e-01
1.4750000000e+04 5.4745300000e-01
1.4760000000e+04 5.4564800000e-01
1.4764034180e+04 5.4510000000e-01
1.4770000000e+04 5.4360600000e-01
1.4780000000e+04 5.4110000000e-01
1.4784039062e+04 5.4008700000e-01
1.4790000000e+04 5.3884300000e-01
1.4800000000e+04 5.3631400000e-01
1.4804044922e+04 5.3544800000e-01
1.4810000000e+04 5.3422300000e-01
1.4820000000e+04 5.3216500000e-01
1.4824049805e+04 5.3133200000e-01
1.4830000000e+04 5.3020700000e-01
1.4840000000e+04 5.2788200000e-01
1.4844055664e+04 5.2711600000e-01
1.4850000000e+04 5.2664200000e-01
1.4860000000e+04 5.2584400000e-01
1.4864060547e+04 5.2552000000e-01
1.4870000000e+04 5.2539500000e-01
1.4880000000e+04 5.2475300000e-01
1.4884067383e+04 5.2466800000e-01
1.4890000000e+04 5.2495900000e-01
1.4900000000e+04 5.2544900000e-01
1.4904072266e+04 5.2564900000e-01
1.4910000000e+04 5.2637100000e-01
1.4920000000e+04 5.2715500000e-01
1.4924078125e+04 5.2765200000e-01
1.4930000000e+04 5.2848900000e-01
1.4940000000e+04 5.2990300000e-01
1.4944083008e+04 5.3048100000e-01
1.4950000000e+04 5.3168200000e-01
1.4960000000e+04 5.3327300000e-01
1.4964087891e+04 5.3410300000e-01
1.4970000000e+04 5.3527000000e-01
1.4980000000e+04 5.3724400000e-01
1.4984093750e+04 5.3787100000e-01
1.4990000000e+04 5.3864200000e-01
1.5000000000e+04 5.4039200000e-01
1.5004098633e+04 5.4100300000e-01
1.5010000000e+04 5.4176700000e-01
1.5020000000e+04 5.4261300000e-01
1.5024105469e+04 5.4314300000e-01
1.5030000000e+04 5.4377300000e-01
1.5040000000e+04 5.4484100000e-01
1.5044110352e+04 5.4509400000e-01
1.5050000000e+04 5.4514400000e-01
1.5060000000e+04 5.4568000000e-01
1.5064116211e+04 5.4590000000e-01
1.5070000000e+04 5.4624800000e-01
1.5080000000e+04 5.4638600000e-01
1.5084121094e+04 5.4662900000e-01
1.5090000000e+04 5.4679600000e-01
1.5100000000e+04 5.4707900000e-01
1.5104125977e+04 5.4700900000e-01
1.5110000000e+04 5.4673000000e-01
1.5120000000e+04 5.4670700000e-01
1.5124131836e+04 5.4669700000e-01
1.5130000000e+04 5.4657000000e-01
1.5140000000e+04 5.4590000000e-01
1.5144136719e+04 5.4581000000e-01
1.5150000000e+04 5.4539100000e-01
1.5160000000e+04 5.4467500000e-01
1.5164142578e+04 5.4419200000e-01
1.5170000000e+04 5.4321800000e-01
1.5180000000e+04 5.4200600000e-01
1.5184148438e+04 5.4131700000e-01
1.5190000000e+04 5.4031400000e-01
1.5200000000e+04 5.3904900000e-01
1.5204154297e+04 5.3850600000e-01
1.5210000000e+04 5.3761200000e-01
1.5220000000e+04 5.3563900000e-01
1.5224159180e+04 5.3500500000e-01
1.5230000000e+04 5.3388900000e-01
1.5240000000e+04 5.3153700000e-01
1.5244165039e+04 5.3074200000e-01
1.5250000000e+04 5.2943800000e-01
1.5260000000e+04 5.2720300000e-01
1.5264169922e+04 5.2608900000e-01
1.5270000000e+04 5.2453300000e-01
1.5280000000e+04 5.2230300000e-01
1.5284174805e+04 5.2119200000e-01
1.5290000000e+04 5.1977000000e-01
1.5300000000e+04 5.1776500000e-01
1.5304180664e+04 5.1674700000e-01
1.5310000000e+04 5.1550700000e-01
1.5320000000e+04 5.1380800000e-01
1.5324185547e+04 5.1291800000e-01
1.5330000000e+04 5.1209600000e-01
1.5340000000e+04 5.1111100000e-01
1.5344192383e+04 5.1052000000e-01
1.5350000000e+04 5.1003400000e-01
1.5360000000e+04 5.0962400000e-01
1.5364197266e+04 5.0945200000e-01
1.5370000000e+04 5.0956200000e-01
1.5380000000e+04 5.0932500000e-01
1.5384203125e+04 5.0940400000e-01
1.5390000000e+04 5.0994000000e-01
1.5400000000e+04 5.1043600000e-01
1.5404208008e+04 5.1083400000e-01
1.5410000000e+04 5.1165000000e-01
1.5420000000e+04 5.1262900000e-01
1.5424212891e+04 5.1322200000e-01
1.5430000000e+04 5.1411300000e-01
1.5440000000e+04 5.1522200000e-01
1.5444218750e+04 5.1587000000e-01
1.5450000000e+04 5.1686900000e-01
1.5460000000e+04 5.1816000000e-01
1.5464223633e+04 5.1870400000e-01
1.5470000000e+04 5.1949300000e-01
1.5480000000e+04 5.2129400000e-01
1.5484230469e+04 5.2187000000e-01
1.5490000000e+04 5.2223400000e-01
1.5500000000e+04 5.2330300000e-01
1.5504235352e+04 5.2362900000e-01
1.5510000000e+04 5.2379200000e-01
1.5520000000e+04 5.2451400000e-01
1.5524241211e+04 5.2463400000e-01
1.5530000000e+04 5.2464000000e-01
1.5540000000e+04 5.2509300000e-01
1.5544246094e+04 5.2509700000e-01
1.5550000000e+04 5.2504100000e-01
1.5560000000e+04 5.2494300000e-01
1.5564251953e+04 5.2509000000e-01
1.5570000000e+04 5.2501000000e-01
1.5580000000e+04 5.2442800000e-01
1.5584256836e+04 5.2436900000e-01
1.5590000000e+04 5.2439700000e-01
1.5600000000e+04 5.2400400000e-01
1.5604261719e+04 5.2401300000e-01
1.5610000000e+04 5.2393300000e-01
1.5620000000e+04 5.2335000000e-01
1.5624267578e+04 5.2310200000e-01
1.5630000000e+04 5.2293700000e-01
1.5640000000e+04 5.2309200000e-01
1.5644273438e+04 5.2296800000e-01
1.5650000000e+04 5.2284900000e-01
1.5660000000e+04 5.2264000000e-01
1.5664279297e+04 5.2274100000e-01
1.5670000000e+04 5.2305800000e-01
1.5680000000e+04 5.2316800000e-01
1.5684284180e+04 5.2340500000e-01
1.5690000000e+04 5.2350800000e-01
1.5700000000e+04 5.2324400000e-01
1.5704290039e+04 5.2313000000e-01
1.5710000000e+04 5.2305500000e-01
1.5720000000e+04 5.2336800000e-01
1.5724294922e+04 5.2331100000e-01
1.5730000000e+04 5.2317500000e-01
1.5740000000e+04 5.2293500000e-01
1.5744300781e+04 5.2302400000e-01
1.5750000000e+04 5.2295900000e-01
1.5760000000e+04 5.2240200000e-01
1.5764305664e+04 5.2216200000e-01
1.5770000000e+04 5.2175400000e-01
1.5780000000e+04 5.2103800000e-01
1.5784310547e+04 5.2092100000e-01
1.5790000000e+04 5.2063100000e-01
1.5800000000e+04 5.1967900000e-01
1.5804317383e+04 5.1927700000e-01
1.5810000000e+04 5.1889800000e-01
1.5820000000e+04 5.1867400000e-01
1.5824322266e+04 5.1838600000e-01
1.5830000000e+04 5.1790300000e-01
1.5840000000e+04 5.1705300000e-01
1.5844328125e+04 5.1668500000e-01
1.5850000000e+04 5.1623300000e-01
1.5860000000e+04 5.1587900000e-01
1.5864333008e+04 5.1553400000e-01
1.5870000000e+04 5.1512800000e-01
1.5880000000e+04 5.1441200000e-01
1.5884338867e+04 5.1410100000e-01
1.5890000000e+04 5.1377000000e-01
1.5900000000e+04 5.1362700000e-01
1.5904343750e+04 5.1337300000e-01
1.5910000000e+04 5.1305700000e-01
1.5920000000e+04 5.1250000000e-01
1.5924348633e+04 5.1225700000e-01
1.5930000000e+04 5.1201600000e-01
1.5940000000e+04 5.1158900000e-01
1.5944355469e+04 5.1159500000e-01
1.5950000000e+04 5.1129300000e-01
1.5960000000e+04 5.1031900000e-01
1.5964360352e+04 5.0989400000e-01
1.5970000000e+04 5.0934500000e-01
1.5980000000e+04 5.0837300000e-01
1.5984366211e+04 5.0794900000e-01
1.5990000000e+04 5.0719600000e-01
1.6000000000e+04 5.0630000000e-01
1.6004371094e+04 5.0572600000e-01
1.6010000000e+04 5.0484100000e-01
1.6020000000e+04 5.0327000000e-01
1.6024376953e+04 5.0258400000e-01
1.6030000000e+04 5.0161400000e-01
1.6040000000e+04 4.9989300000e-01
1.6044381836e+04 4.9913900000e-01
1.6050000000e+04 4.9818800000e-01
1.6060000000e+04 4.9692800000e-01
1.6064387695e+04 4.9618700000e-01
1.6070000000e+04 4.9551400000e-01
1.6080000000e+04 4.9431700000e-01
1.6084392578e+04 4.9379200000e-01
1.6090000000e+04 4.9323800000e-01
1.6100000000e+04 4.9225000000e-01
1.6104398438e+04 4.9181600000e-01
1.6110000000e+04 4.9142200000e-01
1.6120000000e+04 4.9071900000e-01
1.6124404297e+04 4.9040900000e-01
1.6130000000e+04 4.9033300000e-01
1.6140000000e+04 4.9019600000e-01
1.6144409180e+04 4.9013500000e-01
1.6150000000e+04 4.9014400000e-01
1.6160000000e+04 4.9058900000e-01
1.6164415039e+04 4.9059600000e-01
1.6170000000e+04 4.9083300000e-01
1.6180000000e+04 4.9125700000e-01
1.6184419922e+04 4.9144300000e-01
1.6190000000e+04 4.9162100000e-01
1.6200000000e+04 4.9193900000e-01
1.6204425781e+04 4.9204000000e-01
1.6210000000e+04 4.9210900000e-01
1.6220000000e+04 4.9223100000e-01
1.6224430664e+04 4.9228500000e-01
1.6230000000e+04 4.9199800000e-01
1.6240000000e+04 4.9148300000e-01
1.6244435547e+04 4.9125400000e-01
1.6250000000e+04 4.9061400000e-01
1.6260000000e+04 4.8946400000e-01
1.6264442383e+04 4.8895400000e-01
1.6270000000e+04 4.8792200000e-01
1.6280000000e+04 4.8606700000e-01
1.6284447266e+04 4.8524300000e-01
1.6290000000e+04 4.8404700000e-01
1.6300000000e+04 4.8189500000e-01
1.6304453125e+04 4.8093900000e-01
1.6310000000e+04 4.7928600000e-01
1.6320000000e+04 4.7631100000e-01
1.6324458008e+04 4.7498700000e-01
1.6330000000e+04 4.7342600000e-01
1.6340000000e+04 4.7061300000e-01
1.6344463867e+04 4.6936000000e-01
1.6350000000e+04 4.6783400000e-01
1.6360000000e+04 4.6508300000e-01
1.6364468750e+04 4.6367100000e-01
1.6370000000e+04 4.6231300000e-01
1.6380000000e+04 4.6027400000e-01
1.6384474609e+04 4.5936300000e-01
1.6390000000e+04 4.5902600000e-01
1.6400000000e+04 4.5841600000e-01
1.6404480469e+04 4.5826400000e-01
1.6410000000e+04 4.5843500000e-01
1.6420000000e+04 4.5874300000e-01
1.6424484375e+04 4.5888100000e-01
1.6430000000e+04 4.5964100000e-01
1.6440000000e+04 4.6101700000e-01
1.6444490234e+04 4.6163400000e-01
1.6450000000e+04 4.6292600000e-01
1.6460000000e+04 4.6484800000e-01
1.6464496094e+04 4.6589800000e-01
1.6470000000e+04 4.6733400000e-01
1.6480000000e+04 4.6993900000e-01
1.6484501953e+04 4.7111000000e-01
1.6490000000e+04 4.7237600000e-01
1.6500000000e+04 4.7467600000e-01
1.6504507812e+04 4.7571200000e-01
1.6510000000e+04 4.7637400000e-01
1.6520000000e+04 4.7757900000e-01
1.6524513672e+04 4.7792600000e-01
1.6530000000e+04 4.7757400000e-01
1.6540000000e+04 4.7736600000e-01
1.6544517578e+04 4.7727100000e-01
1.6550000000e+04 4.7667000000e-01
1.6560000000e+04 4.7557200000e-01
1.6564523438e+04 4.7507600000e-01
1.6570000000e+04 4.7389500000e-01
1.6580000000e+04 4.7130900000e-01
1.6584529297e+04 4.7033400000e-01
1.6590000000e+04 4.6902200000e-01
1.6600000000e+04 4.6662600000e-01
1.6604533203e+04 4.6500700000e-01
1.6610000000e+04 4.6328700000e-01
1.6620000000e+04 4.5972900000e-01
1.6624539062e+04 4.5831100000e-01
1.6630000000e+04 4.5708700000e-01
1.6640000000e+04 4.5485100000e-01
1.6644544922e+04 4.5383800000e-01
1.6650000000e+04 4.5336300000e-01
1.6660000000e+04 4.5207400000e-01
1.6664550781e+04 4.5167700000e-01
1.6670000000e+04 4.5118900000e-01
1.6680000000e+04 4.5029200000e-01
1.6684556641e+04 4.4969400000e-01
1.6690000000e+04 4.4908300000e-01
1.6700000000e+04 4.4837500000e-01
1.6704562500e+04 4.4805200000e-01
1.6710000000e+04 4.4717600000e-01
1.6720000000e+04 4.4515600000e-01
1.6724566406e+04 4.4442400000e-01
1.6730000000e+04 4.4250600000e-01
1.6740000000e+04 4.3898900000e-01
1.6744572266e+04 4.3720000000e-01
1.6750000000e+04 4.3420900000e-01
1.6760000000e+04 4.2912400000e-01
1.6764578125e+04 4.2680500000e-01
1.6770000000e+04 4.2385100000e-01
1.6780000000e+04 4.1803500000e-01
1.6784582031e+04 4.1556100000e-01
1.6790000000e+04 4.1333000000e-01
1.6800000000e+04 4.0884400000e-01
1.6804589844e+04 4.0697800000e-01
1.6810000000e+04 4.0436300000e-01
1.6820000000e+04 3.9954700000e-01
1.6824593750e+04 3.9717200000e-01
1.6830000000e+04 3.8990800000e-01
1.6840000000e+04 3.7690300000e-01
1.6844599609e+04 3.7078700000e-01
1.6850000000e+04 3.5266000000e-01
1.6860000000e+04 3.1960200000e-01
1.6864605469e+04 3.0431400000e-01
1.6870000000e+04 2.7626100000e-01
1.6880000000e+04 2.2479900000e-01
1.6884611328e+04 2.0117700000e-01
1.6890000000e+04 1.7649700000e-01
1.6900000000e+04 1.3079700000e-01
1.6904615234e+04 1.0988100000e-01
1.6910000000e+04 9.5153800000e-02
1.6920000000e+04 6.7873700000e-02
1.6924621094e+04 5.5368000000e-02
1.6930000000e+04 4.7946100000e-02
1.6940000000e+04 3.4183200000e-02
1.6944626953e+04 2.7866200000e-02
1.6950000000e+04 2.4280000000e-02
1.6960000000e+04 1.7621500000e-02
1.6964632812e+04 1.4555600000e-02
1.6970000000e+04 1.2799500000e-02
1.6980000000e+04 9.5577100000e-03
1.6984638672e+04 8.0574800000e-03
1.6990000000e+04 7.1230000000e-03
1.7000000000e+04 5.3963700000e-03
1.7004642578e+04 4.5949000000e-03
1.7010000000e+04 4.1165800000e-03
1.7020000000e+04 3.2336400000e-03
1.7024648438e+04 2.8243500000e-03
1.7030000000e+04 2.5243100000e-03
1.7040000000e+04 1.9679000000e-03
1.7044654297e+04 1.7115900000e-03
1.7050000000e+04 1.5741500000e-03
1.7060000000e+04 1.3173300000e-03
1.7064660156e+04 1.1990600000e-03
1.7070000000e+04 1.0753200000e-03
1.7080000000e+04 8.4419600000e-04
1.7084664062e+04 7.3719000000e-04
1.7090000000e+04 6.4801900000e-04
1.7100000000e+04 4.8266400000e-04
1.7104669922e+04 4.0572100000e-04
1.7110000000e+04 3.7228400000e-04
1.7120000000e+04 3.1003200000e-04
1.7124675781e+04 2.8126800000e-04
1.7130000000e+04 2.8064400000e-04
1.7140000000e+04 2.7920100000e-04
1.7144681641e+04 2.7852600000e-04
1.7150000000e+04 2.3557400000e-04
1.7160000000e+04 1.5559700000e-04
1.7164687500e+04 1.1828200000e-04
1.7170000000e+04 1.1795600000e-04
1.7180000000e+04 1.1734400000e-04
1.7184691406e+04 1.1711100000e-04
1.7190000000e+04 1.1684900000e-04
1.7200000000e+04 1.1623900000e-04
1.7204697266e+04 1.1551400000e-04
