# photband: HST_ACS_WFC_F475W
# source: SVO Filter Profile Service
# svo_id: HST/ACS_WFC.F475W
# detector_type: 1
# response_type: photon
# components: Filter + CCD + Instrument
# profile_reference: https://stsynphot.readthedocs.io/en/latest/stsynphot/appendixb.html
# wavelength_unit: Angstrom
# columns: wavelength transmission
3.7970000000e+03 7.8681400000e-05
3.7980000000e+03 8.8398400000e-05
3.7990000000e+03 9.8166400000e-05
3.8000000000e+03 1.0798400000e-04
3.8010000000e+03 1.1773900000e-04
3.8020000000e+03 1.2752500000e-04
3.8030000000e+03 1.3734400000e-04
3.8040000000e+03 1.4719400000e-04
3.8050000000e+03 1.5707700000e-04
3.8060000000e+03 1.6699200000e-04
3.8070000000e+03 1.7693900000e-04
3.8080000000e+03 1.8691900000e-04
3.8090000000e+03 1.9693100000e-04
3.8100000000e+03 2.0697400000e-04
3.8110000000e+03 2.1708900000e-04
3.8120000000e+03 2.2724000000e-04
3.8130000000e+03 2.3742700000e-04
3.8140000000e+03 2.4765000000e-04
3.8150000000e+03 2.5790900000e-04
3.8160000000e+03 2.6820500000e-04
3.8170000000e+03 2.7853700000e-04
3.8180000000e+03 2.8890400000e-04
3.8190000000e+03 2.9930800000e-04
3.8200000000e+03 3.0974900000e-04
3.8210000000e+03 3.2024800000e-04
3.8220000000e+03 3.3078500000e-04
3.8230000000e+03 3.4135900000e-04
3.8240000000e+03 3.5197200000e-04
3.8250000000e+03 3.6262400000e-04
3.8260000000e+03 3.7331200000e-04
3.8270000000e+03 3.8404000000e-04
3.8280000000e+03 3.9480500000e-04
3.8290000000e+03 4.0561000000e-04
3.8300000000e+03 4.1645300000e-04
3.8310000000e+03 4.9683200000e-04
3.8320000000e+03 5.7754600000e-04
3.8330000000e+03 6.5859400000e-04
3.8340000000e+03 7.3997600000e-04
3.8350000000e+03 8.2169800000e-04
3.8360000000e+03 9.0375400000e-04
3.8370000000e+03 9.8614800000e-04
3.8380000000e+03 1.0688800000e-03
3.8390000000e+03 1.1519500000e-03
3.8400000000e+03 1.2353600000e-03
3.8410000000e+03 1.3190300000e-03
3.8420000000e+03 1.4030300000e-03
3.8430000000e+03 1.4873600000e-03
3.8440000000e+03 1.5720200000e-03
3.8450000000e+03 1.6570200000e-03
3.8460000000e+03 1.7423500000e-03
3.8470000000e+03 1.8280100000e-03
3.8480000000e+03 1.9140100000e-03
3.8490000000e+03 2.0003500000e-03
3.8500000000e+03 2.0870200000e-03
3.8510000000e+03 2.2573000000e-03
3.8520000000e+03 2.4283200000e-03
3.8530000000e+03 2.6000700000e-03
3.8540000000e+03 2.7725600000e-03
3.8550000000e+03 2.9458000000e-03
3.8560000000e+03 3.1197800000e-03
3.8570000000e+03 3.2945000000e-03
3.8580000000e+03 3.4699800000e-03
3.8590000000e+03 3.6461900000e-03
3.8600000000e+03 3.8231500000e-03
3.8610000000e+03 4.1016800000e-03
3.8620000000e+03 4.3813000000e-03
3.8630000000e+03 4.6620400000e-03
3.8640000000e+03 4.9439000000e-03
3.8650000000e+03 5.2268800000e-03
3.8660000000e+03 5.5109900000e-03
3.8670000000e+03 5.7962100000e-03
3.8680000000e+03 6.0825600000e-03
3.8690000000e+03 6.3700600000e-03
3.8700000000e+03 6.6586700000e-03
3.8710000000e+03 7.1008000000e-03
3.8720000000e+03 7.5448200000e-03
3.8730000000e+03 7.9907600000e-03
3.8740000000e+03 8.4385900000e-03
3.8750000000e+03 8.8883400000e-03
3.8760000000e+03 9.3400000000e-03
3.8770000000e+03 9.7935800000e-03
3.8780000000e+03 1.0249100000e-02
3.8790000000e+03 1.0706500000e-02
3.8800000000e+03 1.1165900000e-02
3.8810000000e+03 1.1801400000e-02
3.8820000000e+03 1.2439800000e-02
3.8830000000e+03 1.3081000000e-02
3.8840000000e+03 1.3725000000e-02
3.8850000000e+03 1.4371800000e-02
3.8860000000e+03 1.5021400000e-02
3.8870000000e+03 1.5674000000e-02
3.8880000000e+03 1.6329300000e-02
3.8890000000e+03 1.6987500000e-02
3.8900000000e+03 1.7648500000e-02
3.8910000000e+03 1.8476400000e-02
3.8920000000e+03 1.9307600000e-02
3.8930000000e+03 2.0142300000e-02
3.8940000000e+03 2.0980300000e-02
3.8950000000e+03 2.1821800000e-02
3.8960000000e+03 2.2666800000e-02
3.8970000000e+03 2.3515200000e-02
3.8980000000e+03 2.4367100000e-02
3.8990000000e+03 2.5222400000e-02
3.9000000000e+03 2.6081200000e-02
3.9010000000e+03 2.6978700000e-02
3.9020000000e+03 2.7880300000e-02
3.9030000000e+03 2.8785700000e-02
3.9040000000e+03 2.9695100000e-02
3.9050000000e+03 3.0608400000e-02
3.9060000000e+03 3.1525700000e-02
3.9070000000e+03 3.2446900000e-02
3.9080000000e+03 3.3372100000e-02
3.9090000000e+03 3.4301300000e-02
3.9100000000e+03 3.5234400000e-02
3.9110000000e+03 3.6219900000e-02
3.9120000000e+03 3.7209500000e-02
3.9130000000e+03 3.8202900000e-02
3.9140000000e+03 3.9200300000e-02
3.9150000000e+03 4.0201600000e-02
3.9160000000e+03 4.1206900000e-02
3.9170000000e+03 4.2216200000e-02
3.9180000000e+03 4.3229500000e-02
3.9190000000e+03 4.4246900000e-02
3.9200000000e+03 4.5268100000e-02
3.9210000000e+03 4.6239200000e-02
3.9220000000e+03 4.7214200000e-02
3.9230000000e+03 4.8193300000e-02
3.9240000000e+03 4.9176100000e-02
3.9250000000e+03 5.0163000000e-02
3.9260000000e+03 5.1153800000e-02
3.9270000000e+03 5.2148600000e-02
3.9280000000e+03 5.3147400000e-02
3.9290000000e+03 5.4150200000e-02
3.9300000000e+03 5.5157100000e-02
3.9310000000e+03 5.6215500000e-02
3.9320000000e+03 5.7277700000e-02
3.9330000000e+03 5.8343900000e-02
3.9340000000e+03 5.9413900000e-02
3.9350000000e+03 6.0487700000e-02
3.9360000000e+03 6.1565600000e-02
3.9370000000e+03 6.2647000000e-02
3.9380000000e+03 6.3732600000e-02
3.9390000000e+03 6.4822000000e-02
3.9400000000e+03 6.5915300000e-02
3.9410000000e+03 6.6903000000e-02
3.9420000000e+03 6.7894900000e-02
3.9430000000e+03 6.8890100000e-02
3.9440000000e+03 6.9889300000e-02
3.9450000000e+03 7.0892300000e-02
3.9460000000e+03 7.1899100000e-02
3.9470000000e+03 7.2909800000e-02
3.9480000000e+03 7.3924300000e-02
3.9490000000e+03 7.4942700000e-02
3.9500000000e+03 7.5964700000e-02
3.9510000000e+03 7.7132700000e-02
3.9520000000e+03 7.8304800000e-02
3.9530000000e+03 7.9481000000e-02
3.9540000000e+03 8.0661500000e-02
3.9550000000e+03 8.1845900000e-02
3.9560000000e+03 8.3034800000e-02
3.9570000000e+03 8.4227700000e-02
3.9580000000e+03 8.5424700000e-02
3.9590000000e+03 8.6625900000e-02
3.9600000000e+03 8.7831600000e-02
3.9610000000e+03 8.8983900000e-02
3.9620000000e+03 9.0140500000e-02
3.9630000000e+03 9.1301400000e-02
3.9640000000e+03 9.2466100000e-02
3.9650000000e+03 9.3635100000e-02
3.9660000000e+03 9.4808500000e-02
3.9670000000e+03 9.5985600000e-02
3.9680000000e+03 9.7167300000e-02
3.9690000000e+03 9.8353000000e-02
3.9700000000e+03 9.9542800000e-02
3.9710000000e+03 1.0085100000e-01
3.9720000000e+03 1.0216300000e-01
3.9730000000e+03 1.0348000000e-01
3.9740000000e+03 1.0480100000e-01
3.9750000000e+03 1.0612600000e-01
3.9760000000e+03 1.0745600000e-01
3.9770000000e+03 1.0879000000e-01
3.9780000000e+03 1.1012900000e-01
3.9790000000e+03 1.1147200000e-01
3.9800000000e+03 1.1281900000e-01
3.9810000000e+03 1.1402700000e-01
3.9820000000e+03 1.1523800000e-01
3.9830000000e+03 1.1645400000e-01
3.9840000000e+03 1.1767400000e-01
3.9850000000e+03 1.1889700000e-01
3.9860000000e+03 1.2012600000e-01
3.9870000000e+03 1.2135900000e-01
3.9880000000e+03 1.2259500000e-01
3.9890000000e+03 1.2383700000e-01
3.9900000000e+03 1.2508200000e-01
3.9910000000e+03 1.2627200000e-01
3.9920000000e+03 1.2746500000e-01
3.9930000000e+03 1.2866200000e-01
3.9940000000e+03 1.2986200000e-01
3.9950000000e+03 1.3106700000e-01
3.9960000000e+03 1.3227500000e-01
3.9970000000e+03 1.3348700000e-01
3.9980000000e+03 1.3470200000e-01
3.9990000000e+03 1.3592200000e-01
4.0000000000e+03 1.3714400000e-01
4.0010000000e+03 1.3810300000e-01
4.0020000000e+03 1.3906300000e-01
4.0030000000e+03 1.4002600000e-01
4.0040000000e+03 1.4099000000e-01
4.0050000000e+03 1.4195600000e-01
4.0060000000e+03 1.4292300000e-01
4.0070000000e+03 1.4389300000e-01
4.0080000000e+03 1.4486400000e-01
4.0090000000e+03 1.4583800000e-01
4.0100000000e+03 1.4681300000e-01
4.0110000000e+03 1.4777800000e-01
4.0120000000e+03 1.4874500000e-01
4.0130000000e+03 1.4971300000e-01
4.0140000000e+03 1.5068400000e-01
4.0150000000e+03 1.5165600000e-01
4.0160000000e+03 1.5263000000e-01
4.0170000000e+03 1.5360500000e-01
4.0180000000e+03 1.5458200000e-01
4.0190000000e+03 1.5556100000e-01
4.0200000000e+03 1.5654100000e-01
4.0210000000e+03 1.5747500000e-01
4.0220000000e+03 1.5841100000e-01
4.0230000000e+03 1.5934900000e-01
4.0240000000e+03 1.6028900000e-01
4.0250000000e+03 1.6123000000e-01
4.0260000000e+03 1.6217300000e-01
4.0270000000e+03 1.6311800000e-01
4.0280000000e+03 1.6406400000e-01
4.0290000000e+03 1.6501300000e-01
4.0300000000e+03 1.6596300000e-01
4.0310000000e+03 1.6720700000e-01
4.0320000000e+03 1.6845400000e-01
4.0330000000e+03 1.6970300000e-01
4.0340000000e+03 1.7095300000e-01
4.0350000000e+03 1.7220600000e-01
4.0360000000e+03 1.7346100000e-01
4.0370000000e+03 1.7471900000e-01
4.0380000000e+03 1.7597800000e-01
4.0390000000e+03 1.7724000000e-01
4.0400000000e+03 1.7850400000e-01
4.0410000000e+03 1.7971400000e-01
4.0420000000e+03 1.8092600000e-01
4.0430000000e+03 1.8214000000e-01
4.0440000000e+03 1.8335600000e-01
4.0450000000e+03 1.8457400000e-01
4.0460000000e+03 1.8579300000e-01
4.0470000000e+03 1.8701400000e-01
4.0480000000e+03 1.8823800000e-01
4.0490000000e+03 1.8946300000e-01
4.0500000000e+03 1.9069000000e-01
4.0510000000e+03 1.9215000000e-01
4.0520000000e+03 1.9361300000e-01
4.0530000000e+03 1.9507700000e-01
4.0540000000e+03 1.9654400000e-01
4.0550000000e+03 1.9801200000e-01
4.0560000000e+03 1.9948300000e-01
4.0570000000e+03 2.0095600000e-01
4.0580000000e+03 2.0243100000e-01
4.0590000000e+03 2.0390700000e-01
4.0600000000e+03 2.0538500000e-01
4.0610000000e+03 2.0645800000e-01
4.0620000000e+03 2.0753100000e-01
4.0630000000e+03 2.0860700000e-01
4.0640000000e+03 2.0968400000e-01
4.0650000000e+03 2.1076300000e-01
4.0660000000e+03 2.1184300000e-01
4.0670000000e+03 2.1292500000e-01
4.0680000000e+03 2.1400800000e-01
4.0690000000e+03 2.1509400000e-01
4.0700000000e+03 2.1618100000e-01
4.0710000000e+03 2.1721000000e-01
4.0720000000e+03 2.1824100000e-01
4.0730000000e+03 2.1927300000e-01
4.0740000000e+03 2.2030700000e-01
4.0750000000e+03 2.2134300000e-01
4.0760000000e+03 2.2238200000e-01
4.0770000000e+03 2.2342000000e-01
4.0780000000e+03 2.2446100000e-01
4.0790000000e+03 2.2550300000e-01
4.0800000000e+03 2.2654700000e-01
4.0810000000e+03 2.2701200000e-01
4.0820000000e+03 2.2747700000e-01
4.0830000000e+03 2.2794300000e-01
4.0840000000e+03 2.2841000000e-01
4.0850000000e+03 2.2887700000e-01
4.0860000000e+03 2.2934400000e-01
4.0870000000e+03 2.2981200000e-01
4.0880000000e+03 2.3028100000e-01
4.0890000000e+03 2.3075000000e-01
4.0900000000e+03 2.3122000000e-01
4.0910000000e+03 2.3180300000e-01
4.0920000000e+03 2.3238700000e-01
4.0930000000e+03 2.3297100000e-01
4.0940000000e+03 2.3355700000e-01
4.0950000000e+03 2.3414300000e-01
4.0960000000e+03 2.3472900000e-01
4.0970000000e+03 2.3531800000e-01
4.0980000000e+03 2.3590600000e-01
4.0990000000e+03 2.3649400000e-01
4.1000000000e+03 2.3708400000e-01
4.1010000000e+03 2.3760000000e-01
4.1020000000e+03 2.3811700000e-01
4.1030000000e+03 2.3863500000e-01
4.1040000000e+03 2.3915200000e-01
4.1050000000e+03 2.3967100000e-01
4.1060000000e+03 2.4018900000e-01
4.1070000000e+03 2.4070900000e-01
4.1080000000e+03 2.4122900000e-01
4.1090000000e+03 2.4175000000e-01
4.1100000000e+03 2.4227100000e-01
4.1110000000e+03 2.4300700000e-01
4.1120000000e+03 2.4374600000e-01
4.1130000000e+03 2.4448500000e-01
4.1140000000e+03 2.4522500000e-01
4.1150000000e+03 2.4596600000e-01
4.1160000000e+03 2.4670700000e-01
4.1170000000e+03 2.4745000000e-01
4.1180000000e+03 2.4819300000e-01
4.1190000000e+03 2.4893800000e-01
4.1200000000e+03 2.4968300000e-01
4.1210000000e+03 2.5038100000e-01
4.1220000000e+03 2.5107900000e-01
4.1230000000e+03 2.5177800000e-01
4.1240000000e+03 2.5247800000e-01
4.1250000000e+03 2.5317700000e-01
4.1260000000e+03 2.5387800000e-01
4.1270000000e+03 2.5457900000e-01
4.1280000000e+03 2.5528200000e-01
4.1290000000e+03 2.5598500000e-01
4.1300000000e+03 2.5668800000e-01
4.1310000000e+03 2.5758800000e-01
4.1320000000e+03 2.5849000000e-01
4.1330000000e+03 2.5939200000e-01
4.1340000000e+03 2.6029600000e-01
4.1350000000e+03 2.6120000000e-01
4.1360000000e+03 2.6210500000e-01
4.1370000000e+03 2.6301100000e-01
4.1380000000e+03 2.6391800000e-01
4.1390000000e+03 2.6482500000e-01
4.1400000000e+03 2.6573400000e-01
4.1410000000e+03 2.6619500000e-01
4.1420000000e+03 2.6665700000e-01
4.1430000000e+03 2.6711800000e-01
4.1440000000e+03 2.6758000000e-01
4.1450000000e+03 2.6804400000e-01
4.1460000000e+03 2.6850700000e-01
4.1470000000e+03 2.6897100000e-01
4.1480000000e+03 2.6943600000e-01
4.1490000000e+03 2.6990100000e-01
4.1500000000e+03 2.7036600000e-01
4.1510000000e+03 2.7075400000e-01
4.1520000000e+03 2.7114200000e-01
4.1530000000e+03 2.7153000000e-01
4.1540000000e+03 2.7191700000e-01
4.1550000000e+03 2.7230600000e-01
4.1560000000e+03 2.7269500000e-01
4.1570000000e+03 2.7308400000e-01
4.1580000000e+03 2.7347300000e-01
4.1590000000e+03 2.7386200000e-01
4.1600000000e+03 2.7425200000e-01
4.1610000000e+03 2.7416300000e-01
4.1620000000e+03 2.7407400000e-01
4.1630000000e+03 2.7398500000e-01
4.1640000000e+03 2.7389600000e-01
4.1650000000e+03 2.7380600000e-01
4.1660000000e+03 2.7371600000e-01
4.1670000000e+03 2.7362700000e-01
4.1680000000e+03 2.7353700000e-01
4.1690000000e+03 2.7344600000e-01
4.1700000000e+03 2.7335600000e-01
4.1710000000e+03 2.7351800000e-01
4.1720000000e+03 2.7368100000e-01
4.1730000000e+03 2.7384300000e-01
4.1740000000e+03 2.7400600000e-01
4.1750000000e+03 2.7416800000e-01
4.1760000000e+03 2.7433100000e-01
4.1770000000e+03 2.7449400000e-01
4.1780000000e+03 2.7465700000e-01
4.1790000000e+03 2.7482000000e-01
4.1800000000e+03 2.7498300000e-01
4.1810000000e+03 2.7490900000e-01
4.1820000000e+03 2.7483500000e-01
4.1830000000e+03 2.7476100000e-01
4.1840000000e+03 2.7468700000e-01
4.1850000000e+03 2.7461200000e-01
4.1860000000e+03 2.7453700000e-01
4.1870000000e+03 2.7446300000e-01
4.1880000000e+03 2.7438700000e-01
4.1890000000e+03 2.7431200000e-01
4.1900000000e+03 2.7423600000e-01
4.1910000000e+03 2.7474800000e-01
4.1920000000e+03 2.7526100000e-01
4.1930000000e+03 2.7577500000e-01
4.1940000000e+03 2.7628800000e-01
4.1950000000e+03 2.7680100000e-01
4.1960000000e+03 2.7731600000e-01
4.1970000000e+03 2.7782900000e-01
4.1980000000e+03 2.7834400000e-01
4.1990000000e+03 2.7885900000e-01
4.2000000000e+03 2.7937400000e-01
4.2010000000e+03 2.7970800000e-01
4.2020000000e+03 2.8004100000e-01
4.2030000000e+03 2.8037600000e-01
4.2040000000e+03 2.8070900000e-01
4.2050000000e+03 2.8104400000e-01
4.2060000000e+03 2.8137800000e-01
4.2070000000e+03 2.8171400000e-01
4.2080000000e+03 2.8204900000e-01
4.2090000000e+03 2.8238400000e-01
4.2100000000e+03 2.8271900000e-01
4.2110000000e+03 2.8356200000e-01
4.2120000000e+03 2.8440600000e-01
4.2130000000e+03 2.8525100000e-01
4.2140000000e+03 2.8609600000e-01
4.2150000000e+03 2.8694200000e-01
4.2160000000e+03 2.8778800000e-01
4.2170000000e+03 2.8863500000e-01
4.2180000000e+03 2.8948200000e-01
4.2190000000e+03 2.9033000000e-01
4.2200000000e+03 2.9117800000e-01
4.2210000000e+03 2.9157900000e-01
4.2220000000e+03 2.9198000000e-01
4.2230000000e+03 2.9238300000e-01
4.2240000000e+03 2.9278400000e-01
4.2250000000e+03 2.9318700000e-01
4.2260000000e+03 2.9358800000e-01
4.2270000000e+03 2.9399000000e-01
4.2280000000e+03 2.9439300000e-01
4.2290000000e+03 2.9479700000e-01
4.2300000000e+03 2.9519900000e-01
4.2310000000e+03 2.9601000000e-01
4.2320000000e+03 2.9682300000e-01
4.2330000000e+03 2.9763400000e-01
4.2340000000e+03 2.9844700000e-01
4.2350000000e+03 2.9925900000e-01
4.2360000000e+03 3.0007200000e-01
4.2370000000e+03 3.0088500000e-01
4.2380000000e+03 3.0169900000e-01
4.2390000000e+03 3.0251300000e-01
4.2400000000e+03 3.0332700000e-01
4.2410000000e+03 3.0373000000e-01
4.2420000000e+03 3.0413300000e-01
4.2430000000e+03 3.0453800000e-01
4.2440000000e+03 3.0494200000e-01
4.2450000000e+03 3.0534500000e-01
4.2460000000e+03 3.0574900000e-01
4.2470000000e+03 3.0615300000e-01
4.2480000000e+03 3.0655700000e-01
4.2490000000e+03 3.0696200000e-01
4.2500000000e+03 3.0736600000e-01
4.2510000000e+03 3.0802800000e-01
4.2520000000e+03 3.0869000000e-01
4.2530000000e+03 3.0935200000e-01
4.2540000000e+03 3.1001400000e-01
4.2550000000e+03 3.1067700000e-01
4.2560000000e+03 3.1133900000e-01
4.2570000000e+03 3.1200300000e-01
4.2580000000e+03 3.1266600000e-01
4.2590000000e+03 3.1333000000e-01
4.2600000000e+03 3.1399300000e-01
4.2610000000e+03 3.1415800000e-01
4.2620000000e+03 3.1432200000e-01
4.2630000000e+03 3.1448700000e-01
4.2640000000e+03 3.1465000000e-01
4.2650000000e+03 3.1481500000e-01
4.2660000000e+03 3.1497900000e-01
4.2670000000e+03 3.1514400000e-01
4.2680000000e+03 3.1530900000e-01
4.2690000000e+03 3.1547300000e-01
4.2700000000e+03 3.1563800000e-01
4.2710000000e+03 3.1617600000e-01
4.2720000000e+03 3.1671400000e-01
4.2730000000e+03 3.1725300000e-01
4.2740000000e+03 3.1779000000e-01
4.2750000000e+03 3.1832900000e-01
4.2760000000e+03 3.1886700000e-01
4.2770000000e+03 3.1940600000e-01
4.2780000000e+03 3.1994500000e-01
4.2790000000e+03 3.2048500000e-01
4.2800000000e+03 3.2102300000e-01
4.2810000000e+03 3.2117300000e-01
4.2820000000e+03 3.2132300000e-01
4.2830000000e+03 3.2147200000e-01
4.2840000000e+03 3.2162200000e-01
4.2850000000e+03 3.2177100000e-01
4.2860000000e+03 3.2192100000e-01
4.2870000000e+03 3.2207100000e-01
4.2880000000e+03 3.2222000000e-01
4.2890000000e+03 3.2237000000e-01
4.2900000000e+03 3.2252000000e-01
4.2910000000e+03 3.2294100000e-01
4.2920000000e+03 3.2336200000e-01
4.2930000000e+03 3.2378300000e-01
4.2940000000e+03 3.2420400000e-01
4.2950000000e+03 3.2462600000e-01
4.2960000000e+03 3.2504800000e-01
4.2970000000e+03 3.2546900000e-01
4.2980000000e+03 3.2589200000e-01
4.2990000000e+03 3.2631400000e-01
4.3000000000e+03 3.2673600000e-01
4.3010000000e+03 3.2672900000e-01
4.3020000000e+03 3.2672100000e-01
4.3030000000e+03 3.2671300000e-01
4.3040000000e+03 3.2670600000e-01
4.3050000000e+03 3.2669800000e-01
4.3060000000e+03 3.2669100000e-01
4.3070000000e+03 3.2668300000e-01
4.3080000000e+03 3.2667600000e-01
4.3090000000e+03 3.2666900000e-01
4.3100000000e+03 3.2666200000e-01
4.3110000000e+03 3.2702800000e-01
4.3120000000e+03 3.2739500000e-01
4.3130000000e+03 3.2776300000e-01
4.3140000000e+03 3.2813000000e-01
4.3150000000e+03 3.2849800000e-01
4.3160000000e+03 3.2886600000e-01
4.3170000000e+03 3.2923400000e-01
4.3180000000e+03 3.2960200000e-01
4.3190000000e+03 3.2997100000e-01
4.3200000000e+03 3.3033900000e-01
4.3210000000e+03 3.3037200000e-01
4.3220000000e+03 3.3040300000e-01
4.3230000000e+03 3.3043600000e-01
4.3240000000e+03 3.3046900000e-01
4.3250000000e+03 3.3050100000e-01
4.3260000000e+03 3.3053300000e-01
4.3270000000e+03 3.3056500000e-01
4.3280000000e+03 3.3059700000e-01
4.3290000000e+03 3.3063000000e-01
4.3300000000e+03 3.3066200000e-01
4.3310000000e+03 3.3087600000e-01
4.3320000000e+03 3.3109000000e-01
4.3330000000e+03 3.3130400000e-01
4.3340000000e+03 3.3151800000e-01
4.3350000000e+03 3.3173200000e-01
4.3360000000e+03 3.3194600000e-01
4.3370000000e+03 3.3216000000e-01
4.3380000000e+03 3.3237400000e-01
4.3390000000e+03 3.3258800000e-01
4.3400000000e+03 3.3280200000e-01
4.3410000000e+03 3.3285500000e-01
4.3420000000e+03 3.3290900000e-01
4.3430000000e+03 3.3296200000e-01
4.3440000000e+03 3.3301500000e-01
4.3450000000e+03 3.3306900000e-01
4.3460000000e+03 3.3312200000e-01
4.3470000000e+03 3.3317600000e-01
4.3480000000e+03 3.3322900000e-01
4.3490000000e+03 3.3328300000e-01
4.3500000000e+03 3.3333700000e-01
4.3510000000e+03 3.3358700000e-01
4.3520000000e+03 3.3383800000e-01
4.3530000000e+03 3.3408900000e-01
4.3540000000e+03 3.3434000000e-01
4.3550000000e+03 3.3459100000e-01
4.3560000000e+03 3.3484200000e-01
4.3570000000e+03 3.3509300000e-01
4.3580000000e+03 3.3534500000e-01
4.3590000000e+03 3.3559600000e-01
4.3600000000e+03 3.3584600000e-01
4.3610000000e+03 3.3600000000e-01
4.3620000000e+03 3.3615200000e-01
4.3630000000e+03 3.3630500000e-01
4.3640000000e+03 3.3645800000e-01
4.3650000000e+03 3.3661100000e-01
4.3660000000e+03 3.3676400000e-01
4.3670000000e+03 3.3691700000e-01
4.3680000000e+03 3.3707000000e-01
4.3690000000e+03 3.3722300000e-01
4.3700000000e+03 3.3737600000e-01
4.3710000000e+03 3.3753600000e-01
4.3720000000e+03 3.3769400000e-01
4.3730000000e+03 3.3785400000e-01
4.3740000000e+03 3.3801400000e-01
4.3750000000e+03 3.3817400000e-01
4.3760000000e+03 3.3833400000e-01
4.3770000000e+03 3.3849300000e-01
4.3780000000e+03 3.3865300000e-01
4.3790000000e+03 3.3881300000e-01
4.3800000000e+03 3.3897200000e-01
4.3810000000e+03 3.3905300000e-01
4.3820000000e+03 3.3913400000e-01
4.3830000000e+03 3.3921500000e-01
4.3840000000e+03 3.3929600000e-01
4.3850000000e+03 3.3937700000e-01
4.3860000000e+03 3.3945800000e-01
4.3870000000e+03 3.3953900000e-01
4.3880000000e+03 3.3961900000e-01
4.3890000000e+03 3.3970100000e-01
4.3900000000e+03 3.3978100000e-01
4.3910000000e+03 3.3964800000e-01
4.3920000000e+03 3.3951600000e-01
4.3930000000e+03 3.3938300000e-01
4.3940000000e+03 3.3925000000e-01
4.3950000000e+03 3.3911800000e-01
4.3960000000e+03 3.3898600000e-01
4.3970000000e+03 3.3885300000e-01
4.3980000000e+03 3.3872100000e-01
4.3990000000e+03 3.3858800000e-01
4.4000000000e+03 3.3845600000e-01
4.4010000000e+03 3.3828300000e-01
4.4020000000e+03 3.3810900000e-01
4.4030000000e+03 3.3793500000e-01
4.4040000000e+03 3.3776200000e-01
4.4050000000e+03 3.3758800000e-01
4.4060000000e+03 3.3741400000e-01
4.4070000000e+03 3.3724000000e-01
4.4080000000e+03 3.3706700000e-01
4.4090000000e+03 3.3689300000e-01
4.4100000000e+03 3.3672000000e-01
4.4110000000e+03 3.3678300000e-01
4.4120000000e+03 3.3684600000e-01
4.4130000000e+03 3.3690900000e-01
4.4140000000e+03 3.3697300000e-01
4.4150000000e+03 3.3703600000e-01
4.4160000000e+03 3.3709900000e-01
4.4170000000e+03 3.3716200000e-01
4.4180000000e+03 3.3722500000e-01
4.4190000000e+03 3.3728900000e-01
4.4200000000e+03 3.3735200000e-01
4.4210000000e+03 3.3717900000e-01
4.4220000000e+03 3.3700600000e-01
4.4230000000e+03 3.3683200000e-01
4.4240000000e+03 3.3665900000e-01
4.4250000000e+03 3.3648600000e-01
4.4260000000e+03 3.3631200000e-01
4.4270000000e+03 3.3613900000e-01
4.4280000000e+03 3.3596600000e-01
4.4290000000e+03 3.3579200000e-01
4.4300000000e+03 3.3561900000e-01
4.4310000000e+03 3.3577800000e-01
4.4320000000e+03 3.3593800000e-01
4.4330000000e+03 3.3609700000e-01
4.4340000000e+03 3.3625700000e-01
4.4350000000e+03 3.3641600000e-01
4.4360000000e+03 3.3657500000e-01
4.4370000000e+03 3.3673400000e-01
4.4380000000e+03 3.3689400000e-01
4.4390000000e+03 3.3705300000e-01
4.4400000000e+03 3.3721100000e-01
4.4410000000e+03 3.3731800000e-01
4.4420000000e+03 3.3742600000e-01
4.4430000000e+03 3.3753200000e-01
4.4440000000e+03 3.3763800000e-01
4.4450000000e+03 3.3774500000e-01
4.4460000000e+03 3.3785200000e-01
4.4470000000e+03 3.3795800000e-01
4.4480000000e+03 3.3806500000e-01
4.4490000000e+03 3.3817100000e-01
4.4500000000e+03 3.3827800000e-01
4.4510000000e+03 3.3853800000e-01
4.4520000000e+03 3.3879800000e-01
4.4530000000e+03 3.3905800000e-01
4.4540000000e+03 3.3931700000e-01
4.4550000000e+03 3.3957700000e-01
4.4560000000e+03 3.3983700000e-01
4.4570000000e+03 3.4009600000e-01
4.4580000000e+03 3.4035500000e-01
4.4590000000e+03 3.4061500000e-01
4.4600000000e+03 3.4087300000e-01
4.4610000000e+03 3.4109900000e-01
4.4620000000e+03 3.4132200000e-01
4.4630000000e+03 3.4154600000e-01
4.4640000000e+03 3.4177000000e-01
4.4650000000e+03 3.4199400000e-01
4.4660000000e+03 3.4221800000e-01
4.4670000000e+03 3.4244200000e-01
4.4680000000e+03 3.4266500000e-01
4.4690000000e+03 3.4288900000e-01
4.4700000000e+03 3.4311300000e-01
4.4710000000e+03 3.4338300000e-01
4.4720000000e+03 3.4365100000e-01
4.4730000000e+03 3.4392000000e-01
4.4740000000e+03 3.4418900000e-01
4.4750000000e+03 3.4445900000e-01
4.4760000000e+03 3.4472700000e-01
4.4770000000e+03 3.4499600000e-01
4.4780000000e+03 3.4526500000e-01
4.4790000000e+03 3.4553300000e-01
4.4800000000e+03 3.4580200000e-01
4.4810000000e+03 3.4600800000e-01
4.4820000000e+03 3.4621500000e-01
4.4830000000e+03 3.4642100000e-01
4.4840000000e+03 3.4662600000e-01
4.4850000000e+03 3.4683200000e-01
4.4860000000e+03 3.4703800000e-01
4.4870000000e+03 3.4724300000e-01
4.4880000000e+03 3.4744900000e-01
4.4890000000e+03 3.4765400000e-01
4.4900000000e+03 3.4785900000e-01
4.4910000000e+03 3.4809500000e-01
4.4920000000e+03 3.4833200000e-01
4.4930000000e+03 3.4856800000e-01
4.4940000000e+03 3.4880400000e-01
4.4950000000e+03 3.4903900000e-01
4.4960000000e+03 3.4927600000e-01
4.4970000000e+03 3.4951100000e-01
4.4980000000e+03 3.4974700000e-01
4.4990000000e+03 3.4998300000e-01
4.5000000000e+03 3.5021800000e-01
4.5010000000e+03 3.5026200000e-01
4.5020000000e+03 3.5030600000e-01
4.5030000000e+03 3.5035000000e-01
4.5040000000e+03 3.5039300000e-01
4.5050000000e+03 3.5043700000e-01
4.5060000000e+03 3.5048000000e-01
4.5070000000e+03 3.5052300000e-01
4.5080000000e+03 3.5056600000e-01
4.5090000000e+03 3.5061000000e-01
4.5100000000e+03 3.5065300000e-01
4.5110000000e+03 3.5078800000e-01
4.5120000000e+03 3.5092200000e-01
4.5130000000e+03 3.5105700000e-01
4.5140000000e+03 3.5119100000e-01
4.5150000000e+03 3.5132500000e-01
4.5160000000e+03 3.5146000000e-01
4.5170000000e+03 3.5159500000e-01
4.5180000000e+03 3.5172800000e-01
4.5190000000e+03 3.5186200000e-01
4.5200000000e+03 3.5199600000e-01
4.5210000000e+03 3.5196300000e-01
4.5220000000e+03 3.5193100000e-01
4.5230000000e+03 3.5189800000e-01
4.5240000000e+03 3.5186500000e-01
4.5250000000e+03 3.5183300000e-01
4.5260000000e+03 3.5180000000e-01
4.5270000000e+03 3.5176700000e-01
4.5280000000e+03 3.5173500000e-01
4.5290000000e+03 3.5170200000e-01
4.5300000000e+03 3.5166900000e-01
4.5310000000e+03 3.5159300000e-01
4.5320000000e+03 3.5151800000e-01
4.5330000000e+03 3.5144100000e-01
4.5340000000e+03 3.5136500000e-01
4.5350000000e+03 3.5128900000e-01
4.5360000000e+03 3.5121300000e-01
4.5370000000e+03 3.5113700000e-01
4.5380000000e+03 3.5106000000e-01
4.5390000000e+03 3.5098500000e-01
4.5400000000e+03 3.5090900000e-01
4.5410000000e+03 3.5080900000e-01
4.5420000000e+03 3.5071100000e-01
4.5430000000e+03 3.5061300000e-01
4.5440000000e+03 3.5051400000e-01
4.5450000000e+03 3.5041600000e-01
4.5460000000e+03 3.5031600000e-01
4.5470000000e+03 3.5021800000e-01
4.5480000000e+03 3.5011900000e-01
4.5490000000e+03 3.5002100000e-01
4.5500000000e+03 3.4992100000e-01
4.5510000000e+03 3.4966100000e-01
4.5520000000e+03 3.4940000000e-01
4.5530000000e+03 3.4914000000e-01
4.5540000000e+03 3.4887900000e-01
4.5550000000e+03 3.4861800000e-01
4.5560000000e+03 3.4835800000e-01
4.5570000000e+03 3.4809800000e-01
4.5580000000e+03 3.4783700000e-01
4.5590000000e+03 3.4757700000e-01
4.5600000000e+03 3.4731600000e-01
4.5610000000e+03 3.4719500000e-01
4.5620000000e+03 3.4707300000e-01
4.5630000000e+03 3.4695100000e-01
4.5640000000e+03 3.4683000000e-01
4.5650000000e+03 3.4670800000e-01
4.5660000000e+03 3.4658500000e-01
4.5670000000e+03 3.4646400000e-01
4.5680000000e+03 3.4634100000e-01
4.5690000000e+03 3.4621900000e-01
4.5700000000e+03 3.4609700000e-01
4.5710000000e+03 3.4581700000e-01
4.5720000000e+03 3.4553700000e-01
4.5730000000e+03 3.4525600000e-01
4.5740000000e+03 3.4497600000e-01
4.5750000000e+03 3.4469500000e-01
4.5760000000e+03 3.4441500000e-01
4.5770000000e+03 3.4413400000e-01
4.5780000000e+03 3.4385400000e-01
4.5790000000e+03 3.4357400000e-01
4.5800000000e+03 3.4329300000e-01
4.5810000000e+03 3.4328900000e-01
4.5820000000e+03 3.4328400000e-01
4.5830000000e+03 3.4328000000e-01
4.5840000000e+03 3.4327500000e-01
4.5850000000e+03 3.4327100000e-01
4.5860000000e+03 3.4326600000e-01
4.5870000000e+03 3.4326100000e-01
4.5880000000e+03 3.4325600000e-01
4.5890000000e+03 3.4325100000e-01
4.5900000000e+03 3.4324600000e-01
4.5910000000e+03 3.4316400000e-01
4.5920000000e+03 3.4308300000e-01
4.5930000000e+03 3.4300200000e-01
4.5940000000e+03 3.4291900000e-01
4.5950000000e+03 3.4283800000e-01
4.5960000000e+03 3.4275700000e-01
4.5970000000e+03 3.4267500000e-01
4.5980000000e+03 3.4259300000e-01
4.5990000000e+03 3.4251100000e-01
4.6000000000e+03 3.4242900000e-01
4.6010000000e+03 3.4276800000e-01
4.6020000000e+03 3.4310600000e-01
4.6030000000e+03 3.4344400000e-01
4.6040000000e+03 3.4378200000e-01
4.6050000000e+03 3.4412000000e-01
4.6060000000e+03 3.4445800000e-01
4.6070000000e+03 3.4479500000e-01
4.6080000000e+03 3.4513300000e-01
4.6090000000e+03 3.4547000000e-01
4.6100000000e+03 3.4580900000e-01
4.6110000000e+03 3.4576200000e-01
4.6120000000e+03 3.4571400000e-01
4.6130000000e+03 3.4566700000e-01
4.6140000000e+03 3.4562000000e-01
4.6150000000e+03 3.4557300000e-01
4.6160000000e+03 3.4552600000e-01
4.6170000000e+03 3.4547800000e-01
4.6180000000e+03 3.4543200000e-01
4.6190000000e+03 3.4538400000e-01
4.6200000000e+03 3.4533700000e-01
4.6210000000e+03 3.4574000000e-01
4.6220000000e+03 3.4614200000e-01
4.6230000000e+03 3.4654500000e-01
4.6240000000e+03 3.4694800000e-01
4.6250000000e+03 3.4735000000e-01
4.6260000000e+03 3.4775300000e-01
4.6270000000e+03 3.4815500000e-01
4.6280000000e+03 3.4855700000e-01
4.6290000000e+03 3.4896000000e-01
4.6300000000e+03 3.4936200000e-01
4.6310000000e+03 3.4964400000e-01
4.6320000000e+03 3.4992600000e-01
4.6330000000e+03 3.5020700000e-01
4.6340000000e+03 3.5049000000e-01
4.6350000000e+03 3.5077200000e-01
4.6360000000e+03 3.5105200000e-01
4.6370000000e+03 3.5133400000e-01
4.6380000000e+03 3.5161500000e-01
4.6390000000e+03 3.5189600000e-01
4.6400000000e+03 3.5217800000e-01
4.6410000000e+03 3.5235500000e-01
4.6420000000e+03 3.5253100000e-01
4.6430000000e+03 3.5270800000e-01
4.6440000000e+03 3.5288400000e-01
4.6450000000e+03 3.5306200000e-01
4.6460000000e+03 3.5323800000e-01
4.6470000000e+03 3.5341400000e-01
4.6480000000e+03 3.5359100000e-01
4.6490000000e+03 3.5376800000e-01
4.6500000000e+03 3.5394400000e-01
4.6510000000e+03 3.5408600000e-01
4.6520000000e+03 3.5422900000e-01
4.6530000000e+03 3.5437100000e-01
4.6540000000e+03 3.5451300000e-01
4.6550000000e+03 3.5465600000e-01
4.6560000000e+03 3.5479700000e-01
4.6570000000e+03 3.5493900000e-01
4.6580000000e+03 3.5508100000e-01
4.6590000000e+03 3.5522400000e-01
4.6600000000e+03 3.5536500000e-01
4.6610000000e+03 3.5571700000e-01
4.6620000000e+03 3.5606800000e-01
4.6630000000e+03 3.5642000000e-01
4.6640000000e+03 3.5677100000e-01
4.6650000000e+03 3.5712200000e-01
4.6660000000e+03 3.5747400000e-01
4.6670000000e+03 3.5782500000e-01
4.6680000000e+03 3.5817600000e-01
4.6690000000e+03 3.5852700000e-01
4.6700000000e+03 3.5887900000e-01
4.6710000000e+03 3.5889800000e-01
4.6720000000e+03 3.5891800000e-01
4.6730000000e+03 3.5893800000e-01
4.6740000000e+03 3.5895800000e-01
4.6750000000e+03 3.5897800000e-01
4.6760000000e+03 3.5899800000e-01
4.6770000000e+03 3.5901700000e-01
4.6780000000e+03 3.5903800000e-01
4.6790000000e+03 3.5905700000e-01
4.6800000000e+03 3.5907600000e-01
4.6810000000e+03 3.5890000000e-01
4.6820000000e+03 3.5872600000e-01
4.6830000000e+03 3.5855000000e-01
4.6840000000e+03 3.5837400000e-01
4.6850000000e+03 3.5819900000e-01
4.6860000000e+03 3.5802300000e-01
4.6870000000e+03 3.5784700000e-01
4.6880000000e+03 3.5767100000e-01
4.6890000000e+03 3.5749500000e-01
4.6900000000e+03 3.5732000000e-01
4.6910000000e+03 3.5722600000e-01
4.6920000000e+03 3.5713100000e-01
4.6930000000e+03 3.5703700000e-01
4.6940000000e+03 3.5694300000e-01
4.6950000000e+03 3.5684900000e-01
4.6960000000e+03 3.5675400000e-01
4.6970000000e+03 3.5666000000e-01
4.6980000000e+03 3.5656600000e-01
4.6990000000e+03 3.5647200000e-01
4.7000000000e+03 3.5637700000e-01
4.7010000000e+03 3.5634100000e-01
4.7020000000e+03 3.5630300000e-01
4.7030000000e+03 3.5626600000e-01
4.7040000000e+03 3.5623000000e-01
4.7050000000e+03 3.5619300000e-01
4.7060000000e+03 3.5615600000e-01
4.7070000000e+03 3.5611900000e-01
4.7080000000e+03 3.5608200000e-01
4.7090000000e+03 3.5604400000e-01
4.7100000000e+03 3.5600700000e-01
4.7110000000e+03 3.5619500000e-01
4.7120000000e+03 3.5638400000e-01
4.7130000000e+03 3.5657300000e-01
4.7140000000e+03 3.5676200000e-01
4.7150000000e+03 3.5695100000e-01
4.7160000000e+03 3.5713800000e-01
4.7170000000e+03 3.5732700000e-01
4.7180000000e+03 3.5751400000e-01
4.7190000000e+03 3.5770100000e-01
4.7200000000e+03 3.5788900000e-01
4.7210000000e+03 3.5756600000e-01
4.7220000000e+03 3.5724400000e-01
4.7230000000e+03 3.5692100000e-01
4.7240000000e+03 3.5659900000e-01
4.7250000000e+03 3.5627700000e-01
4.7260000000e+03 3.5595300000e-01
4.7270000000e+03 3.5563000000e-01
4.7280000000e+03 3.5530700000e-01
4.7290000000e+03 3.5498400000e-01
4.7300000000e+03 3.5466200000e-01
4.7310000000e+03 3.5468600000e-01
4.7320000000e+03 3.5471100000e-01
4.7330000000e+03 3.5473600000e-01
4.7340000000e+03 3.5476200000e-01
4.7350000000e+03 3.5478600000e-01
4.7360000000e+03 3.5481100000e-01
4.7370000000e+03 3.5483600000e-01
4.7380000000e+03 3.5486100000e-01
4.7390000000e+03 3.5488500000e-01
4.7400000000e+03 3.5491000000e-01
4.7410000000e+03 3.5479200000e-01
4.7420000000e+03 3.5467400000e-01
4.7430000000e+03 3.5455500000e-01
4.7440000000e+03 3.5443800000e-01
4.7450000000e+03 3.5431900000e-01
4.7460000000e+03 3.5420100000e-01
4.7470000000e+03 3.5408300000e-01
4.7480000000e+03 3.5396400000e-01
4.7490000000e+03 3.5384600000e-01
4.7500000000e+03 3.5372800000e-01
4.7510000000e+03 3.5410100000e-01
4.7520000000e+03 3.5447400000e-01
4.7530000000e+03 3.5484600000e-01
4.7540000000e+03 3.5521900000e-01
4.7550000000e+03 3.5559200000e-01
4.7560000000e+03 3.5596500000e-01
4.7570000000e+03 3.5633900000e-01
4.7580000000e+03 3.5671100000e-01
4.7590000000e+03 3.5708400000e-01
4.7600000000e+03 3.5745600000e-01
4.7610000000e+03 3.5739900000e-01
4.7620000000e+03 3.5734200000e-01
4.7630000000e+03 3.5728500000e-01
4.7640000000e+03 3.5722800000e-01
4.7650000000e+03 3.5717000000e-01
4.7660000000e+03 3.5711300000e-01
4.7670000000e+03 3.5705600000e-01
4.7680000000e+03 3.5699800000e-01
4.7690000000e+03 3.5694100000e-01
4.7700000000e+03 3.5688300000e-01
4.7710000000e+03 3.5729200000e-01
4.7720000000e+03 3.5770100000e-01
4.7730000000e+03 3.5810900000e-01
4.7740000000e+03 3.5851800000e-01
4.7750000000e+03 3.5892700000e-01
4.7760000000e+03 3.5933600000e-01
4.7770000000e+03 3.5974500000e-01
4.7780000000e+03 3.6015400000e-01
4.7790000000e+03 3.6056200000e-01
4.7800000000e+03 3.6097100000e-01
4.7810000000e+03 3.6087100000e-01
4.7820000000e+03 3.6077000000e-01
4.7830000000e+03 3.6067000000e-01
4.7840000000e+03 3.6057000000e-01
4.7850000000e+03 3.6046900000e-01
4.7860000000e+03 3.6036900000e-01
4.7870000000e+03 3.6026800000e-01
4.7880000000e+03 3.6016800000e-01
4.7890000000e+03 3.6006800000e-01
4.7900000000e+03 3.5996800000e-01
4.7910000000e+03 3.6003600000e-01
4.7920000000e+03 3.6010500000e-01
4.7930000000e+03 3.6017400000e-01
4.7940000000e+03 3.6024300000e-01
4.7950000000e+03 3.6031100000e-01
4.7960000000e+03 3.6038000000e-01
4.7970000000e+03 3.6044900000e-01
4.7980000000e+03 3.6051700000e-01
4.7990000000e+03 3.6058600000e-01
4.8000000000e+03 3.6065500000e-01
4.8010000000e+03 3.6062200000e-01
4.8020000000e+03 3.6058700000e-01
4.8030000000e+03 3.6055300000e-01
4.8040000000e+03 3.6052000000e-01
4.8050000000e+03 3.6048500000e-01
4.8060000000e+03 3.6045100000e-01
4.8070000000e+03 3.6041800000e-01
4.8080000000e+03 3.6038400000e-01
4.8090000000e+03 3.6035100000e-01
4.8100000000e+03 3.6031700000e-01
4.8110000000e+03 3.6036600000e-01
4.8120000000e+03 3.6041500000e-01
4.8130000000e+03 3.6046500000e-01
4.8140000000e+03 3.6051400000e-01
4.8150000000e+03 3.6056400000e-01
4.8160000000e+03 3.6061300000e-01
4.8170000000e+03 3.6066300000e-01
4.8180000000e+03 3.6071200000e-01
4.8190000000e+03 3.6076200000e-01
4.8200000000e+03 3.6081100000e-01
4.8210000000e+03 3.6055300000e-01
4.8220000000e+03 3.6029500000e-01
4.8230000000e+03 3.6003600000e-01
4.8240000000e+03 3.5977800000e-01
4.8250000000e+03 3.5951900000e-01
4.8260000000e+03 3.5926000000e-01
4.8270000000e+03 3.5900200000e-01
4.8280000000e+03 3.5874300000e-01
4.8290000000e+03 3.5848400000e-01
4.8300000000e+03 3.5822600000e-01
4.8310000000e+03 3.5821600000e-01
4.8320000000e+03 3.5820400000e-01
4.8330000000e+03 3.5819400000e-01
4.8340000000e+03 3.5818200000e-01
4.8350000000e+03 3.5817100000e-01
4.8360000000e+03 3.5816000000e-01
4.8370000000e+03 3.5814900000e-01
4.8380000000e+03 3.5813700000e-01
4.8390000000e+03 3.5812600000e-01
4.8400000000e+03 3.5811600000e-01
4.8410000000e+03 3.5794000000e-01
4.8420000000e+03 3.5776400000e-01
4.8430000000e+03 3.5758900000e-01
4.8440000000e+03 3.5741400000e-01
4.8450000000e+03 3.5723800000e-01
4.8460000000e+03 3.5706300000e-01
4.8470000000e+03 3.5688800000e-01
4.8480000000e+03 3.5671200000e-01
4.8490000000e+03 3.5653700000e-01
4.8500000000e+03 3.5636200000e-01
4.8510000000e+03 3.5642100000e-01
4.8520000000e+03 3.5648000000e-01
4.8530000000e+03 3.5654000000e-01
4.8540000000e+03 3.5660000000e-01
4.8550000000e+03 3.5665800000e-01
4.8560000000e+03 3.5671800000e-01
4.8570000000e+03 3.5677800000e-01
4.8580000000e+03 3.5683700000e-01
4.8590000000e+03 3.5689600000e-01
4.8600000000e+03 3.5695600000e-01
4.8610000000e+03 3.5676000000e-01
4.8620000000e+03 3.5656500000e-01
4.8630000000e+03 3.5636900000e-01
4.8640000000e+03 3.5617400000e-01
4.8650000000e+03 3.5597800000e-01
4.8660000000e+03 3.5578200000e-01
4.8670000000e+03 3.5558600000e-01
4.8680000000e+03 3.5539100000e-01
4.8690000000e+03 3.5519500000e-01
4.8700000000e+03 3.5499900000e-01
4.8710000000e+03 3.5498800000e-01
4.8720000000e+03 3.5497800000e-01
4.8730000000e+03 3.5496800000e-01
4.8740000000e+03 3.5495700000e-01
4.8750000000e+03 3.5494800000e-01
4.8760000000e+03 3.5493700000e-01
4.8770000000e+03 3.5492700000e-01
4.8780000000e+03 3.5491600000e-01
4.8790000000e+03 3.5490600000e-01
4.8800000000e+03 3.5489600000e-01
4.8810000000e+03 3.5490000000e-01
4.8820000000e+03 3.5490300000e-01
4.8830000000e+03 3.5490800000e-01
4.8840000000e+03 3.5491200000e-01
4.8850000000e+03 3.5491500000e-01
4.8860000000e+03 3.5491900000e-01
4.8870000000e+03 3.5492300000e-01
4.8880000000e+03 3.5492700000e-01
4.8890000000e+03 3.5493000000e-01
4.8900000000e+03 3.5493500000e-01
4.8910000000e+03 3.5513500000e-01
4.8920000000e+03 3.5533600000e-01
4.8930000000e+03 3.5553700000e-01
4.8940000000e+03 3.5573700000e-01
4.8950000000e+03 3.5593900000e-01
4.8960000000e+03 3.5614000000e-01
4.8970000000e+03 3.5634000000e-01
4.8980000000e+03 3.5654200000e-01
4.8990000000e+03 3.5674300000e-01
4.9000000000e+03 3.5694400000e-01
4.9010000000e+03 3.5710200000e-01
4.9020000000e+03 3.5726000000e-01
4.9030000000e+03 3.5741800000e-01
4.9040000000e+03 3.5757600000e-01
4.9050000000e+03 3.5773400000e-01
4.9060000000e+03 3.5789300000e-01
4.9070000000e+03 3.5805100000e-01
4.9080000000e+03 3.5820800000e-01
4.9090000000e+03 3.5836700000e-01
4.9100000000e+03 3.5852500000e-01
4.9110000000e+03 3.5891500000e-01
4.9120000000e+03 3.5930500000e-01
4.9130000000e+03 3.5969600000e-01
4.9140000000e+03 3.6008600000e-01
4.9150000000e+03 3.6047700000e-01
4.9160000000e+03 3.6086700000e-01
4.9170000000e+03 3.6125900000e-01
4.9180000000e+03 3.6164900000e-01
4.9190000000e+03 3.6203900000e-01
4.9200000000e+03 3.6243100000e-01
4.9210000000e+03 3.6240000000e-01
4.9220000000e+03 3.6236900000e-01
4.9230000000e+03 3.6233900000e-01
4.9240000000e+03 3.6230800000e-01
4.9250000000e+03 3.6227800000e-01
4.9260000000e+03 3.6224700000e-01
4.9270000000e+03 3.6221600000e-01
4.9280000000e+03 3.6218500000e-01
4.9290000000e+03 3.6215500000e-01
4.9300000000e+03 3.6212400000e-01
4.9310000000e+03 3.6212200000e-01
4.9320000000e+03 3.6211900000e-01
4.9330000000e+03 3.6211600000e-01
4.9340000000e+03 3.6211300000e-01
4.9350000000e+03 3.6211100000e-01
4.9360000000e+03 3.6210800000e-01
4.9370000000e+03 3.6210500000e-01
4.9380000000e+03 3.6210200000e-01
4.9390000000e+03 3.6210000000e-01
4.9400000000e+03 3.6209600000e-01
4.9410000000e+03 3.6231000000e-01
4.9420000000e+03 3.6252400000e-01
4.9430000000e+03 3.6273800000e-01
4.9440000000e+03 3.6295200000e-01
4.9450000000e+03 3.6316500000e-01
4.9460000000e+03 3.6338100000e-01
4.9470000000e+03 3.6359400000e-01
4.9480000000e+03 3.6380800000e-01
4.9490000000e+03 3.6402200000e-01
4.9500000000e+03 3.6423600000e-01
4.9510000000e+03 3.6425800000e-01
4.9520000000e+03 3.6428000000e-01
4.9530000000e+03 3.6430100000e-01
4.9540000000e+03 3.6432200000e-01
4.9550000000e+03 3.6434400000e-01
4.9560000000e+03 3.6436500000e-01
4.9570000000e+03 3.6438700000e-01
4.9580000000e+03 3.6440800000e-01
4.9590000000e+03 3.6443000000e-01
4.9600000000e+03 3.6445100000e-01
4.9610000000e+03 3.6446000000e-01
4.9620000000e+03 3.6446700000e-01
4.9630000000e+03 3.6447600000e-01
4.9640000000e+03 3.6448400000e-01
4.9650000000e+03 3.6449200000e-01
4.9660000000e+03 3.6450100000e-01
4.9670000000e+03 3.6450900000e-01
4.9680000000e+03 3.6451700000e-01
4.9690000000e+03 3.6452500000e-01
4.9700000000e+03 3.6453300000e-01
4.9710000000e+03 3.6453200000e-01
4.9720000000e+03 3.6453000000e-01
4.9730000000e+03 3.6452900000e-01
4.9740000000e+03 3.6452700000e-01
4.9750000000e+03 3.6452500000e-01
4.9760000000e+03 3.6452300000e-01
4.9770000000e+03 3.6452300000e-01
4.9780000000e+03 3.6452100000e-01
4.9790000000e+03 3.6451900000e-01
4.9800000000e+03 3.6451700000e-01
4.9810000000e+03 3.6453100000e-01
4.9820000000e+03 3.6454500000e-01
4.9830000000e+03 3.6455900000e-01
4.9840000000e+03 3.6457300000e-01
4.9850000000e+03 3.6458700000e-01
4.9860000000e+03 3.6460100000e-01
4.9870000000e+03 3.6461500000e-01
4.9880000000e+03 3.6462900000e-01
4.9890000000e+03 3.6464400000e-01
4.9900000000e+03 3.6465700000e-01
4.9910000000e+03 3.6479200000e-01
4.9920000000e+03 3.6492900000e-01
4.9930000000e+03 3.6506500000e-01
4.9940000000e+03 3.6520100000e-01
4.9950000000e+03 3.6533700000e-01
4.9960000000e+03 3.6547300000e-01
4.9970000000e+03 3.6560900000e-01
4.9980000000e+03 3.6574500000e-01
4.9990000000e+03 3.6588000000e-01
5.0000000000e+03 3.6601700000e-01
5.0010000000e+03 3.6572100000e-01
5.0020000000e+03 3.6542400000e-01
5.0030000000e+03 3.6512800000e-01
5.0040000000e+03 3.6483000000e-01
5.0050000000e+03 3.6453300000e-01
5.0060000000e+03 3.6423600000e-01
5.0070000000e+03 3.6393900000e-01
5.0080000000e+03 3.6364300000e-01
5.0090000000e+03 3.6334600000e-01
5.0100000000e+03 3.6304800000e-01
5.0110000000e+03 3.6305100000e-01
5.0120000000e+03 3.6305200000e-01
5.0130000000e+03 3.6305500000e-01
5.0140000000e+03 3.6305700000e-01
5.0150000000e+03 3.6306000000e-01
5.0160000000e+03 3.6306300000e-01
5.0170000000e+03 3.6306400000e-01
5.0180000000e+03 3.6306600000e-01
5.0190000000e+03 3.6306900000e-01
5.0200000000e+03 3.6307100000e-01
5.0210000000e+03 3.6286000000e-01
5.0220000000e+03 3.6265000000e-01
5.0230000000e+03 3.6244100000e-01
5.0240000000e+03 3.6223000000e-01
5.0250000000e+03 3.6202000000e-01
5.0260000000e+03 3.6180900000e-01
5.0270000000e+03 3.6159900000e-01
5.0280000000e+03 3.6138800000e-01
5.0290000000e+03 3.6117700000e-01
5.0300000000e+03 3.6096700000e-01
5.0310000000e+03 3.6084500000e-01
5.0320000000e+03 3.6072400000e-01
5.0330000000e+03 3.6060300000e-01
5.0340000000e+03 3.6048100000e-01
5.0350000000e+03 3.6036000000e-01
5.0360000000e+03 3.6023800000e-01
5.0370000000e+03 3.6011500000e-01
5.0380000000e+03 3.5999500000e-01
5.0390000000e+03 3.5987200000e-01
5.0400000000e+03 3.5975000000e-01
5.0410000000e+03 3.5931900000e-01
5.0420000000e+03 3.5888700000e-01
5.0430000000e+03 3.5845500000e-01
5.0440000000e+03 3.5802300000e-01
5.0450000000e+03 3.5759100000e-01
5.0460000000e+03 3.5715800000e-01
5.0470000000e+03 3.5672600000e-01
5.0480000000e+03 3.5629300000e-01
5.0490000000e+03 3.5586000000e-01
5.0500000000e+03 3.5542700000e-01
5.0510000000e+03 3.5558600000e-01
5.0520000000e+03 3.5574300000e-01
5.0530000000e+03 3.5590200000e-01
5.0540000000e+03 3.5606000000e-01
5.0550000000e+03 3.5621800000e-01
5.0560000000e+03 3.5637500000e-01
5.0570000000e+03 3.5653400000e-01
5.0580000000e+03 3.5669200000e-01
5.0590000000e+03 3.5685000000e-01
5.0600000000e+03 3.5700900000e-01
5.0610000000e+03 3.5689400000e-01
5.0620000000e+03 3.5677900000e-01
5.0630000000e+03 3.5666500000e-01
5.0640000000e+03 3.5655000000e-01
5.0650000000e+03 3.5643500000e-01
5.0660000000e+03 3.5631900000e-01
5.0670000000e+03 3.5620500000e-01
5.0680000000e+03 3.5608900000e-01
5.0690000000e+03 3.5597300000e-01
5.0700000000e+03 3.5585800000e-01
5.0710000000e+03 3.5612600000e-01
5.0720000000e+03 3.5639300000e-01
5.0730000000e+03 3.5666000000e-01
5.0740000000e+03 3.5692700000e-01
5.0750000000e+03 3.5719500000e-01
5.0760000000e+03 3.5746200000e-01
5.0770000000e+03 3.5772900000e-01
5.0780000000e+03 3.5799800000e-01
5.0790000000e+03 3.5826500000e-01
5.0800000000e+03 3.5853200000e-01
5.0810000000e+03 3.5835800000e-01
5.0820000000e+03 3.5818500000e-01
5.0830000000e+03 3.5801100000e-01
5.0840000000e+03 3.5783700000e-01
5.0850000000e+03 3.5766400000e-01
5.0860000000e+03 3.5749000000e-01
5.0870000000e+03 3.5731500000e-01
5.0880000000e+03 3.5714100000e-01
5.0890000000e+03 3.5696800000e-01
5.0900000000e+03 3.5679400000e-01
5.0910000000e+03 3.5688700000e-01
5.0920000000e+03 3.5698000000e-01
5.0930000000e+03 3.5707400000e-01
5.0940000000e+03 3.5716700000e-01
5.0950000000e+03 3.5726000000e-01
5.0960000000e+03 3.5735400000e-01
5.0970000000e+03 3.5744800000e-01
5.0980000000e+03 3.5754100000e-01
5.0990000000e+03 3.5763500000e-01
5.1000000000e+03 3.5772700000e-01
5.1010000000e+03 3.5797600000e-01
5.1020000000e+03 3.5822500000e-01
5.1030000000e+03 3.5847400000e-01
5.1040000000e+03 3.5872300000e-01
5.1050000000e+03 3.5897200000e-01
5.1060000000e+03 3.5922100000e-01
5.1070000000e+03 3.5947000000e-01
5.1080000000e+03 3.5971900000e-01
5.1090000000e+03 3.5996800000e-01
5.1100000000e+03 3.6021700000e-01
5.1110000000e+03 3.6034000000e-01
5.1120000000e+03 3.6046300000e-01
5.1130000000e+03 3.6058600000e-01
5.1140000000e+03 3.6070900000e-01
5.1150000000e+03 3.6083200000e-01
5.1160000000e+03 3.6095500000e-01
5.1170000000e+03 3.6107800000e-01
5.1180000000e+03 3.6120100000e-01
5.1190000000e+03 3.6132400000e-01
5.1200000000e+03 3.6144600000e-01
5.1210000000e+03 3.6139300000e-01
5.1220000000e+03 3.6133900000e-01
5.1230000000e+03 3.6128500000e-01
5.1240000000e+03 3.6123000000e-01
5.1250000000e+03 3.6117600000e-01
5.1260000000e+03 3.6112200000e-01
5.1270000000e+03 3.6106700000e-01
5.1280000000e+03 3.6101300000e-01
5.1290000000e+03 3.6095800000e-01
5.1300000000e+03 3.6090400000e-01
5.1310000000e+03 3.6107900000e-01
5.1320000000e+03 3.6125500000e-01
5.1330000000e+03 3.6143100000e-01
5.1340000000e+03 3.6160700000e-01
5.1350000000e+03 3.6178300000e-01
5.1360000000e+03 3.6195900000e-01
5.1370000000e+03 3.6213400000e-01
5.1380000000e+03 3.6231100000e-01
5.1390000000e+03 3.6248700000e-01
5.1400000000e+03 3.6266300000e-01
5.1410000000e+03 3.6246200000e-01
5.1420000000e+03 3.6226100000e-01
5.1430000000e+03 3.6206100000e-01
5.1440000000e+03 3.6186000000e-01
5.1450000000e+03 3.6165900000e-01
5.1460000000e+03 3.6145900000e-01
5.1470000000e+03 3.6125700000e-01
5.1480000000e+03 3.6105500000e-01
5.1490000000e+03 3.6085400000e-01
5.1500000000e+03 3.6065300000e-01
5.1510000000e+03 3.6066200000e-01
5.1520000000e+03 3.6067000000e-01
5.1530000000e+03 3.6067900000e-01
5.1540000000e+03 3.6068800000e-01
5.1550000000e+03 3.6069700000e-01
5.1560000000e+03 3.6070500000e-01
5.1570000000e+03 3.6071400000e-01
5.1580000000e+03 3.6072200000e-01
5.1590000000e+03 3.6073000000e-01
5.1600000000e+03 3.6073800000e-01
5.1610000000e+03 3.6058700000e-01
5.1620000000e+03 3.6043500000e-01
5.1630000000e+03 3.6028300000e-01
5.1640000000e+03 3.6013100000e-01
5.1650000000e+03 3.5997900000e-01
5.1660000000e+03 3.5982700000e-01
5.1670000000e+03 3.5967500000e-01
5.1680000000e+03 3.5952300000e-01
5.1690000000e+03 3.5937100000e-01
5.1700000000e+03 3.5921800000e-01
5.1710000000e+03 3.5896200000e-01
5.1720000000e+03 3.5870500000e-01
5.1730000000e+03 3.5844800000e-01
5.1740000000e+03 3.5819000000e-01
5.1750000000e+03 3.5793300000e-01
5.1760000000e+03 3.5767500000e-01
5.1770000000e+03 3.5741800000e-01
5.1780000000e+03 3.5716000000e-01
5.1790000000e+03 3.5690100000e-01
5.1800000000e+03 3.5664300000e-01
5.1810000000e+03 3.5632200000e-01
5.1820000000e+03 3.5600200000e-01
5.1830000000e+03 3.5568100000e-01
5.1840000000e+03 3.5536100000e-01
5.1850000000e+03 3.5503900000e-01
5.1860000000e+03 3.5471800000e-01
5.1870000000e+03 3.5439600000e-01
5.1880000000e+03 3.5407500000e-01
5.1890000000e+03 3.5375400000e-01
5.1900000000e+03 3.5343200000e-01
5.1910000000e+03 3.5325100000e-01
5.1920000000e+03 3.5307000000e-01
5.1930000000e+03 3.5288800000e-01
5.1940000000e+03 3.5270700000e-01
5.1950000000e+03 3.5252600000e-01
5.1960000000e+03 3.5234600000e-01
5.1970000000e+03 3.5216400000e-01
5.1980000000e+03 3.5198300000e-01
5.1990000000e+03 3.5180200000e-01
5.2000000000e+03 3.5162100000e-01
5.2010000000e+03 3.5149800000e-01
5.2020000000e+03 3.5137400000e-01
5.2030000000e+03 3.5125000000e-01
5.2040000000e+03 3.5112600000e-01
5.2050000000e+03 3.5100200000e-01
5.2060000000e+03 3.5087800000e-01
5.2070000000e+03 3.5075300000e-01
5.2080000000e+03 3.5062900000e-01
5.2090000000e+03 3.5050500000e-01
5.2100000000e+03 3.5038100000e-01
5.2110000000e+03 3.5037700000e-01
5.2120000000e+03 3.5037200000e-01
5.2130000000e+03 3.5036800000e-01
5.2140000000e+03 3.5036400000e-01
5.2150000000e+03 3.5036000000e-01
5.2160000000e+03 3.5035600000e-01
5.2170000000e+03 3.5035100000e-01
5.2180000000e+03 3.5034700000e-01
5.2190000000e+03 3.5034300000e-01
5.2200000000e+03 3.5033900000e-01
5.2210000000e+03 3.5007100000e-01
5.2220000000e+03 3.4980300000e-01
5.2230000000e+03 3.4953500000e-01
5.2240000000e+03 3.4926700000e-01
5.2250000000e+03 3.4899900000e-01
5.2260000000e+03 3.4873100000e-01
5.2270000000e+03 3.4846300000e-01
5.2280000000e+03 3.4819500000e-01
5.2290000000e+03 3.4792700000e-01
5.2300000000e+03 3.4765800000e-01
5.2310000000e+03 3.4787500000e-01
5.2320000000e+03 3.4809200000e-01
5.2330000000e+03 3.4830900000e-01
5.2340000000e+03 3.4852600000e-01
5.2350000000e+03 3.4874300000e-01
5.2360000000e+03 3.4896000000e-01
5.2370000000e+03 3.4917700000e-01
5.2380000000e+03 3.4939400000e-01
5.2390000000e+03 3.4961100000e-01
5.2400000000e+03 3.4982900000e-01
5.2410000000e+03 3.4965500000e-01
5.2420000000e+03 3.4948100000e-01
5.2430000000e+03 3.4930800000e-01
5.2440000000e+03 3.4913400000e-01
5.2450000000e+03 3.4896000000e-01
5.2460000000e+03 3.4878600000e-01
5.2470000000e+03 3.4861200000e-01
5.2480000000e+03 3.4843800000e-01
5.2490000000e+03 3.4826400000e-01
5.2500000000e+03 3.4808900000e-01
5.2510000000e+03 3.4839200000e-01
5.2520000000e+03 3.4869500000e-01
5.2530000000e+03 3.4899800000e-01
5.2540000000e+03 3.4930100000e-01
5.2550000000e+03 3.4960500000e-01
5.2560000000e+03 3.4990700000e-01
5.2570000000e+03 3.5021100000e-01
5.2580000000e+03 3.5051400000e-01
5.2590000000e+03 3.5081800000e-01
5.2600000000e+03 3.5112100000e-01
5.2610000000e+03 3.5071700000e-01
5.2620000000e+03 3.5031300000e-01
5.2630000000e+03 3.4990800000e-01
5.2640000000e+03 3.4950300000e-01
5.2650000000e+03 3.4909900000e-01
5.2660000000e+03 3.4869400000e-01
5.2670000000e+03 3.4828800000e-01
5.2680000000e+03 3.4788200000e-01
5.2690000000e+03 3.4747700000e-01
5.2700000000e+03 3.4707100000e-01
5.2710000000e+03 3.4697800000e-01
5.2720000000e+03 3.4688500000e-01
5.2730000000e+03 3.4679100000e-01
5.2740000000e+03 3.4669700000e-01
5.2750000000e+03 3.4660300000e-01
5.2760000000e+03 3.4651000000e-01
5.2770000000e+03 3.4641600000e-01
5.2780000000e+03 3.4632200000e-01
5.2790000000e+03 3.4622800000e-01
5.2800000000e+03 3.4613400000e-01
5.2810000000e+03 3.4589700000e-01
5.2820000000e+03 3.4566000000e-01
5.2830000000e+03 3.4542300000e-01
5.2840000000e+03 3.4518600000e-01
5.2850000000e+03 3.4494900000e-01
5.2860000000e+03 3.4471200000e-01
5.2870000000e+03 3.4447400000e-01
5.2880000000e+03 3.4423700000e-01
5.2890000000e+03 3.4400000000e-01
5.2900000000e+03 3.4376200000e-01
5.2910000000e+03 3.4349700000e-01
5.2920000000e+03 3.4323100000e-01
5.2930000000e+03 3.4296500000e-01
5.2940000000e+03 3.4269900000e-01
5.2950000000e+03 3.4243200000e-01
5.2960000000e+03 3.4216600000e-01
5.2970000000e+03 3.4189900000e-01
5.2980000000e+03 3.4163200000e-01
5.2990000000e+03 3.4136500000e-01
5.3000000000e+03 3.4109700000e-01
5.3010000000e+03 3.4062600000e-01
5.3020000000e+03 3.4015400000e-01
5.3030000000e+03 3.3968100000e-01
5.3040000000e+03 3.3920900000e-01
5.3050000000e+03 3.3873700000e-01
5.3060000000e+03 3.3826400000e-01
5.3070000000e+03 3.3779200000e-01
5.3080000000e+03 3.3731800000e-01
5.3090000000e+03 3.3684500000e-01
5.3100000000e+03 3.3637200000e-01
5.3110000000e+03 3.3581600000e-01
5.3120000000e+03 3.3525900000e-01
5.3130000000e+03 3.3470100000e-01
5.3140000000e+03 3.3414400000e-01
5.3150000000e+03 3.3358600000e-01
5.3160000000e+03 3.3302800000e-01
5.3170000000e+03 3.3246900000e-01
5.3180000000e+03 3.3191100000e-01
5.3190000000e+03 3.3135100000e-01
5.3200000000e+03 3.3079300000e-01
5.3210000000e+03 3.3006400000e-01
5.3220000000e+03 3.2933700000e-01
5.3230000000e+03 3.2860900000e-01
5.3240000000e+03 3.2788100000e-01
5.3250000000e+03 3.2715300000e-01
5.3260000000e+03 3.2642400000e-01
5.3270000000e+03 3.2569600000e-01
5.3280000000e+03 3.2496800000e-01
5.3290000000e+03 3.2423900000e-01
5.3300000000e+03 3.2351000000e-01
5.3310000000e+03 3.2313300000e-01
5.3320000000e+03 3.2275600000e-01
5.3330000000e+03 3.2237800000e-01
5.3340000000e+03 3.2200000000e-01
5.3350000000e+03 3.2162200000e-01
5.3360000000e+03 3.2124300000e-01
5.3370000000e+03 3.2086600000e-01
5.3380000000e+03 3.2048800000e-01
5.3390000000e+03 3.2010900000e-01
5.3400000000e+03 3.1973000000e-01
5.3410000000e+03 3.1932300000e-01
5.3420000000e+03 3.1891600000e-01
5.3430000000e+03 3.1850800000e-01
5.3440000000e+03 3.1810000000e-01
5.3450000000e+03 3.1769200000e-01
5.3460000000e+03 3.1728400000e-01
5.3470000000e+03 3.1687600000e-01
5.3480000000e+03 3.1646600000e-01
5.3490000000e+03 3.1605800000e-01
5.3500000000e+03 3.1564800000e-01
5.3510000000e+03 3.1564100000e-01
5.3520000000e+03 3.1563500000e-01
5.3530000000e+03 3.1562700000e-01
5.3540000000e+03 3.1562000000e-01
5.3550000000e+03 3.1561200000e-01
5.3560000000e+03 3.1560600000e-01
5.3570000000e+03 3.1559800000e-01
5.3580000000e+03 3.1559100000e-01
5.3590000000e+03 3.1558300000e-01
5.3600000000e+03 3.1557500000e-01
5.3610000000e+03 3.1537800000e-01
5.3620000000e+03 3.1518100000e-01
5.3630000000e+03 3.1498300000e-01
5.3640000000e+03 3.1478500000e-01
5.3650000000e+03 3.1458800000e-01
5.3660000000e+03 3.1438900000e-01
5.3670000000e+03 3.1419200000e-01
5.3680000000e+03 3.1399400000e-01
5.3690000000e+03 3.1379500000e-01
5.3700000000e+03 3.1359600000e-01
5.3710000000e+03 3.1414000000e-01
5.3720000000e+03 3.1468500000e-01
5.3730000000e+03 3.1523000000e-01
5.3740000000e+03 3.1577400000e-01
5.3750000000e+03 3.1631900000e-01
5.3760000000e+03 3.1686400000e-01
5.3770000000e+03 3.1740900000e-01
5.3780000000e+03 3.1795300000e-01
5.3790000000e+03 3.1849800000e-01
5.3800000000e+03 3.1904300000e-01
5.3810000000e+03 3.1960200000e-01
5.3820000000e+03 3.2016300000e-01
5.3830000000e+03 3.2072200000e-01
5.3840000000e+03 3.2128200000e-01
5.3850000000e+03 3.2184300000e-01
5.3860000000e+03 3.2240300000e-01
5.3870000000e+03 3.2296300000e-01
5.3880000000e+03 3.2352500000e-01
5.3890000000e+03 3.2408500000e-01
5.3900000000e+03 3.2464600000e-01
5.3910000000e+03 3.2570100000e-01
5.3920000000e+03 3.2675600000e-01
5.3930000000e+03 3.2781100000e-01
5.3940000000e+03 3.2886600000e-01
5.3950000000e+03 3.2992200000e-01
5.3960000000e+03 3.3097800000e-01
5.3970000000e+03 3.3203300000e-01
5.3980000000e+03 3.3308900000e-01
5.3990000000e+03 3.3414500000e-01
5.4000000000e+03 3.3520200000e-01
5.4010000000e+03 3.3564800000e-01
5.4020000000e+03 3.3609500000e-01
5.4030000000e+03 3.3654200000e-01
5.4040000000e+03 3.3698900000e-01
5.4050000000e+03 3.3743500000e-01
5.4060000000e+03 3.3788300000e-01
5.4070000000e+03 3.3833000000e-01
5.4080000000e+03 3.3877600000e-01
5.4090000000e+03 3.3922400000e-01
5.4100000000e+03 3.3967200000e-01
5.4110000000e+03 3.4006900000e-01
5.4120000000e+03 3.4046600000e-01
5.4130000000e+03 3.4086400000e-01
5.4140000000e+03 3.4126100000e-01
5.4150000000e+03 3.4165900000e-01
5.4160000000e+03 3.4205700000e-01
5.4170000000e+03 3.4245400000e-01
5.4180000000e+03 3.4285300000e-01
5.4190000000e+03 3.4324900000e-01
5.4200000000e+03 3.4364700000e-01
5.4210000000e+03 3.4312700000e-01
5.4220000000e+03 3.4260900000e-01
5.4230000000e+03 3.4208900000e-01
5.4240000000e+03 3.4156900000e-01
5.4250000000e+03 3.4104800000e-01
5.4260000000e+03 3.4052800000e-01
5.4270000000e+03 3.4000800000e-01
5.4280000000e+03 3.3948700000e-01
5.4290000000e+03 3.3896600000e-01
5.4300000000e+03 3.3844500000e-01
5.4310000000e+03 3.3781500000e-01
5.4320000000e+03 3.3718500000e-01
5.4330000000e+03 3.3655400000e-01
5.4340000000e+03 3.3592300000e-01
5.4350000000e+03 3.3529200000e-01
5.4360000000e+03 3.3466000000e-01
5.4370000000e+03 3.3402900000e-01
5.4380000000e+03 3.3339700000e-01
5.4390000000e+03 3.3276500000e-01
5.4400000000e+03 3.3213200000e-01
5.4410000000e+03 3.3015700000e-01
5.4420000000e+03 3.2818000000e-01
5.4430000000e+03 3.2620400000e-01
5.4440000000e+03 3.2422600000e-01
5.4450000000e+03 3.2224900000e-01
5.4460000000e+03 3.2027100000e-01
5.4470000000e+03 3.1829300000e-01
5.4480000000e+03 3.1631300000e-01
5.4490000000e+03 3.1433300000e-01
5.4500000000e+03 3.1235300000e-01
5.4510000000e+03 3.0957200000e-01
5.4520000000e+03 3.0678900000e-01
5.4530000000e+03 3.0400600000e-01
5.4540000000e+03 3.0122100000e-01
5.4550000000e+03 2.9843600000e-01
5.4560000000e+03 2.9564900000e-01
5.4570000000e+03 2.9286300000e-01
5.4580000000e+03 2.9007500000e-01
5.4590000000e+03 2.8728600000e-01
5.4600000000e+03 2.8449600000e-01
5.4610000000e+03 2.7988600000e-01
5.4620000000e+03 2.7527600000e-01
5.4630000000e+03 2.7066500000e-01
5.4640000000e+03 2.6605300000e-01
5.4650000000e+03 2.6143900000e-01
5.4660000000e+03 2.5682500000e-01
5.4670000000e+03 2.5221100000e-01
5.4680000000e+03 2.4759500000e-01
5.4690000000e+03 2.4297800000e-01
5.4700000000e+03 2.3836100000e-01
5.4710000000e+03 2.3298900000e-01
5.4720000000e+03 2.2761400000e-01
5.4730000000e+03 2.2223900000e-01
5.4740000000e+03 2.1686000000e-01
5.4750000000e+03 2.1148100000e-01
5.4760000000e+03 2.0609900000e-01
5.4770000000e+03 2.0071500000e-01
5.4780000000e+03 1.9533000000e-01
5.4790000000e+03 1.8994300000e-01
5.4800000000e+03 1.8455400000e-01
5.4810000000e+03 1.7871300000e-01
5.4820000000e+03 1.7287200000e-01
5.4830000000e+03 1.6703100000e-01
5.4840000000e+03 1.6118900000e-01
5.4850000000e+03 1.5534500000e-01
5.4860000000e+03 1.4950200000e-01
5.4870000000e+03 1.4365700000e-01
5.4880000000e+03 1.3781200000e-01
5.4890000000e+03 1.3196600000e-01
5.4900000000e+03 1.2611900000e-01
5.4910000000e+03 1.2139100000e-01
5.4920000000e+03 1.1666200000e-01
5.4930000000e+03 1.1193300000e-01
5.4940000000e+03 1.0720300000e-01
5.4950000000e+03 1.0247300000e-01
5.4960000000e+03 9.7741700000e-02
5.4970000000e+03 9.3010200000e-02
5.4980000000e+03 8.8278300000e-02
5.4990000000e+03 8.3545800000e-02
5.5000000000e+03 7.8812900000e-02
5.5010000000e+03 7.5554300000e-02
5.5020000000e+03 7.2294300000e-02
5.5030000000e+03 6.9033300000e-02
5.5040000000e+03 6.5770800000e-02
5.5050000000e+03 6.2507200000e-02
5.5060000000e+03 5.9242200000e-02
5.5070000000e+03 5.5976100000e-02
5.5080000000e+03 5.2708600000e-02
5.5090000000e+03 4.9439900000e-02
5.5100000000e+03 4.6170000000e-02
5.5110000000e+03 4.4190200000e-02
5.5120000000e+03 4.2210200000e-02
5.5130000000e+03 4.0230300000e-02
5.5140000000e+03 3.8250200000e-02
5.5150000000e+03 3.6270100000e-02
5.5160000000e+03 3.4289900000e-02
5.5170000000e+03 3.2309700000e-02
5.5180000000e+03 3.0329500000e-02
5.5190000000e+03 2.8349000000e-02
5.5200000000e+03 2.6368600000e-02
5.5210000000e+03 2.5266000000e-02
5.5220000000e+03 2.4163200000e-02
5.5230000000e+03 2.3060300000e-02
5.5240000000e+03 2.1957100000e-02
5.5250000000e+03 2.0853800000e-02
5.5260000000e+03 1.9750200000e-02
5.5270000000e+03 1.8646500000e-02
5.5280000000e+03 1.7542500000e-02
5.5290000000e+03 1.6438300000e-02
5.5300000000e+03 1.5334000000e-02
5.5310000000e+03 1.4717500000e-02
5.5320000000e+03 1.4100900000e-02
5.5330000000e+03 1.3484200000e-02
5.5340000000e+03 1.2867400000e-02
5.5350000000e+03 1.2250500000e-02
5.5360000000e+03 1.1633500000e-02
5.5370000000e+03 1.1016400000e-02
5.5380000000e+03 1.0399200000e-02
5.5390000000e+03 9.7818600000e-03
5.5400000000e+03 9.1644600000e-03
5.5410000000e+03 8.8101300000e-03
5.5420000000e+03 8.4557900000e-03
5.5430000000e+03 8.1014300000e-03
5.5440000000e+03 7.7470600000e-03
5.5450000000e+03 7.3926800000e-03
5.5460000000e+03 7.0382700000e-03
5.5470000000e+03 6.6838700000e-03
5.5480000000e+03 6.3294500000e-03
5.5490000000e+03 5.9750100000e-03
5.5500000000e+03 5.6205800000e-03
5.5510000000e+03 5.4273200000e-03
5.5520000000e+03 5.2339900000e-03
5.5530000000e+03 5.0406100000e-03
5.5540000000e+03 4.8471500000e-03
5.5550000000e+03 4.6536400000e-03
5.5560000000e+03 4.4600800000e-03
5.5570000000e+03 4.2664500000e-03
5.5580000000e+03 4.0727400000e-03
5.5590000000e+03 3.8789900000e-03
5.5600000000e+03 3.6851600000e-03
5.5610000000e+03 3.5658200000e-03
5.5620000000e+03 3.4464600000e-03
5.5630000000e+03 3.3270900000e-03
5.5640000000e+03 3.2077000000e-03
5.5650000000e+03 3.0883100000e-03
5.5660000000e+03 2.9689000000e-03
5.5670000000e+03 2.8494900000e-03
5.5680000000e+03 2.7300500000e-03
5.5690000000e+03 2.6106100000e-03
5.5700000000e+03 2.4911600000e-03
5.5710000000e+03 2.4661700000e-03
5.5720000000e+03 2.4411800000e-03
5.5730000000e+03 2.4162000000e-03
5.5740000000e+03 2.3912100000e-03
5.5750000000e+03 2.3662300000e-03
5.5760000000e+03 2.3412500000e-03
5.5770000000e+03 2.3162700000e-03
5.5780000000e+03 2.2912900000e-03
5.5790000000e+03 2.2663100000e-03
5.5800000000e+03 2.2413300000e-03
5.5810000000e+03 2.2165500000e-03
5.5820000000e+03 2.1917700000e-03
5.5830000000e+03 2.1669800000e-03
5.5840000000e+03 2.1422000000e-03
5.5850000000e+03 2.1174000000e-03
5.5860000000e+03 2.0926000000e-03
5.5870000000e+03 2.0678000000e-03
5.5880000000e+03 2.0430000000e-03
5.5890000000e+03 2.0181900000e-03
5.5900000000e+03 1.9933900000e-03
5.5910000000e+03 1.9598400000e-03
5.5920000000e+03 1.9262900000e-03
5.5930000000e+03 1.8927200000e-03
5.5940000000e+03 1.8591600000e-03
5.5950000000e+03 1.8255700000e-03
5.5960000000e+03 1.7919800000e-03
5.5970000000e+03 1.7583900000e-03
5.5980000000e+03 1.7247800000e-03
5.5990000000e+03 1.6911600000e-03
5.6000000000e+03 1.6575300000e-03
5.6010000000e+03 1.6238700000e-03
5.6020000000e+03 1.5902000000e-03
5.6030000000e+03 1.5565200000e-03
5.6040000000e+03 1.5228300000e-03
5.6050000000e+03 1.4891400000e-03
5.6060000000e+03 1.4554300000e-03
5.6070000000e+03 1.4217300000e-03
5.6080000000e+03 1.3880100000e-03
5.6090000000e+03 1.3542800000e-03
5.6100000000e+03 1.3205500000e-03
5.6110000000e+03 1.2868600000e-03
5.6120000000e+03 1.2531600000e-03
5.6130000000e+03 1.2194500000e-03
5.6140000000e+03 1.1857200000e-03
5.6150000000e+03 1.1519900000e-03
5.6160000000e+03 1.1182500000e-03
5.6170000000e+03 1.0845000000e-03
5.6180000000e+03 1.0507400000e-03
5.6190000000e+03 1.0169700000e-03
5.6200000000e+03 9.8318400000e-04
5.6210000000e+03 9.4928600000e-04
5.6220000000e+03 9.1538800000e-04
5.6230000000e+03 8.8148500000e-04
5.6240000000e+03 8.4758200000e-04
5.6250000000e+03 8.1367400000e-04
5.6260000000e+03 7.7976600000e-04
5.6270000000e+03 7.4585400000e-04
5.6280000000e+03 7.1193900000e-04
5.6290000000e+03 6.7802200000e-04
5.6300000000e+03 6.4410200000e-04
5.6310000000e+03 6.3627700000e-04
5.6320000000e+03 6.2845300000e-04
5.6330000000e+03 6.2062600000e-04
5.6340000000e+03 6.1279800000e-04
5.6350000000e+03 6.0497000000e-04
5.6360000000e+03 5.9714000000e-04
5.6370000000e+03 5.8930800000e-04
5.6380000000e+03 5.8147500000e-04
5.6390000000e+03 5.7364000000e-04
5.6400000000e+03 5.6580400000e-04
5.6410000000e+03 5.5798300000e-04
5.6420000000e+03 5.5016000000e-04
5.6430000000e+03 5.4233600000e-04
5.6440000000e+03 5.3450900000e-04
5.6450000000e+03 5.2668100000e-04
5.6460000000e+03 5.1885200000e-04
5.6470000000e+03 5.1101900000e-04
5.6480000000e+03 5.0318600000e-04
5.6490000000e+03 4.9535100000e-04
5.6500000000e+03 4.8751400000e-04
5.6510000000e+03 4.7966000000e-04
5.6520000000e+03 4.7180400000e-04
5.6530000000e+03 4.6394600000e-04
5.6540000000e+03 4.5608900000e-04
5.6550000000e+03 4.4822900000e-04
5.6560000000e+03 4.4036800000e-04
5.6570000000e+03 4.3250700000e-04
5.6580000000e+03 4.2464300000e-04
5.6590000000e+03 4.1677900000e-04
5.6600000000e+03 4.0891400000e-04
5.6610000000e+03 4.0105800000e-04
5.6620000000e+03 3.9320000000e-04
5.6630000000e+03 3.8534100000e-04
5.6640000000e+03 3.7747900000e-04
5.6650000000e+03 3.6961700000e-04
5.6660000000e+03 3.6175300000e-04
5.6670000000e+03 3.5388700000e-04
5.6680000000e+03 3.4601900000e-04
5.6690000000e+03 3.3815000000e-04
5.6700000000e+03 3.3027900000e-04
5.6710000000e+03 3.2805600000e-04
5.6720000000e+03 3.2583300000e-04
5.6730000000e+03 3.2361000000e-04
5.6740000000e+03 3.2138500000e-04
5.6750000000e+03 3.1916000000e-04
5.6760000000e+03 3.1693400000e-04
5.6770000000e+03 3.1470800000e-04
5.6780000000e+03 3.1248100000e-04
5.6790000000e+03 3.1025400000e-04
5.6800000000e+03 3.0802500000e-04
5.6810000000e+03 3.0580500000e-04
5.6820000000e+03 3.0358300000e-04
5.6830000000e+03 3.0136100000e-04
5.6840000000e+03 2.9913800000e-04
5.6850000000e+03 2.9691400000e-04
5.6860000000e+03 2.9468900000e-04
5.6870000000e+03 2.9246500000e-04
5.6880000000e+03 2.9023800000e-04
5.6890000000e+03 2.8801100000e-04
5.6900000000e+03 2.8578300000e-04
5.6910000000e+03 2.8353200000e-04
5.6920000000e+03 2.8128000000e-04
5.6930000000e+03 2.7902900000e-04
5.6940000000e+03 2.7677600000e-04
5.6950000000e+03 2.7452400000e-04
5.6960000000e+03 2.7227100000e-04
5.6970000000e+03 2.7001700000e-04
5.6980000000e+03 2.6776300000e-04
5.6990000000e+03 2.6550800000e-04
5.7000000000e+03 2.6325400000e-04
5.7010000000e+03 2.6102000000e-04
5.7020000000e+03 2.5878600000e-04
5.7030000000e+03 2.5655100000e-04
5.7040000000e+03 2.5431400000e-04
5.7050000000e+03 2.5207800000e-04
5.7060000000e+03 2.4984000000e-04
5.7070000000e+03 2.4760200000e-04
5.7080000000e+03 2.4536200000e-04
5.7090000000e+03 2.4312200000e-04
5.7100000000e+03 2.4088200000e-04
5.7110000000e+03 2.3810700000e-04
5.7120000000e+03 2.3533200000e-04
5.7130000000e+03 2.3255700000e-04
5.7140000000e+03 2.2978100000e-04
5.7150000000e+03 2.2700500000e-04
5.7160000000e+03 2.2422800000e-04
5.7170000000e+03 2.2145000000e-04
5.7180000000e+03 2.1867200000e-04
5.7190000000e+03 2.1589300000e-04
5.7200000000e+03 2.1311300000e-04
5.7210000000e+03 2.1030000000e-04
5.7220000000e+03 2.0748700000e-04
5.7230000000e+03 2.0467500000e-04
5.7240000000e+03 2.0186200000e-04
5.7250000000e+03 1.9905000000e-04
5.7260000000e+03 1.9623800000e-04
5.7270000000e+03 1.9342600000e-04
5.7280000000e+03 1.9061500000e-04
5.7290000000e+03 1.8780400000e-04
5.7300000000e+03 1.8499300000e-04
5.7310000000e+03 1.8222100000e-04
5.7320000000e+03 1.7944800000e-04
5.7330000000e+03 1.7667400000e-04
5.7340000000e+03 1.7389900000e-04
5.7350000000e+03 1.7112300000e-04
5.7360000000e+03 1.6834700000e-04
5.7370000000e+03 1.6556800000e-04
5.7380000000e+03 1.6279000000e-04
5.7390000000e+03 1.6001000000e-04
5.7400000000e+03 1.5723000000e-04
5.7410000000e+03 1.5441900000e-04
5.7420000000e+03 1.5160900000e-04
5.7430000000e+03 1.4879800000e-04
5.7440000000e+03 1.4598700000e-04
5.7450000000e+03 1.4317700000e-04
5.7460000000e+03 1.4036700000e-04
5.7470000000e+03 1.3755700000e-04
5.7480000000e+03 1.3474700000e-04
5.7490000000e+03 1.3193600000e-04
5.7500000000e+03 1.2912700000e-04
5.7510000000e+03 1.2694500000e-04
5.7520000000e+03 1.2476300000e-04
5.7530000000e+03 1.2257900000e-04
5.7540000000e+03 1.2039400000e-04
5.7550000000e+03 1.1820800000e-04
5.7560000000e+03 1.1602100000e-04
5.7570000000e+03 1.1383400000e-04
5.7580000000e+03 1.1164400000e-04
5.7590000000e+03 1.0945400000e-04
5.7600000000e+03 1.0726300000e-04
5.7610000000e+03 1.0504600000e-04
5.7620000000e+03 1.0282900000e-04
5.7630000000e+03 1.0061200000e-04
5.7640000000e+03 9.8394200000e-05
5.7650000000e+03 9.6176800000e-05
5.7660000000e+03 9.3959400000e-05
5.7670000000e+03 9.1742000000e-05
5.7680000000e+03 8.9524500000e-05
5.7690000000e+03 8.7307000000e-05
5.7700000000e+03 8.5089100000e-05
5.7710000000e+03 8.2887500000e-05
5.7720000000e+03 8.0684800000e-05
5.7730000000e+03 7.8481200000e-05
5.7740000000e+03 7.6276700000e-05
5.7750000000e+03 7.4071100000e-05
