# photband: HST_WFC3_F275W
# source: SVO Filter Profile Service
# svo_id: HST/WFC3_UVIS1.F275W
# detector_type: 1
# response_type: photon
# components: Filter + CCD + Instrument
# profile_reference: https://www.stsci.edu/hst/instrumentation/wfc3/performance/throughputs
# wavelength_unit: Angstrom
# columns: wavelength transmission
2.1610000000e+03 2.4799800000e-05
2.1620000000e+03 2.5543300000e-05
2.1630000000e+03 2.6293300000e-05
2.1640000000e+03 2.7045000000e-05
2.1650000000e+03 2.7803400000e-05
2.1660000000e+03 2.8563400000e-05
2.1670000000e+03 2.9330200000e-05
2.1680000000e+03 3.0098500000e-05
2.1690000000e+03 3.0873800000e-05
2.1700000000e+03 3.1653300000e-05
2.1706806640e+03 3.2183900000e-05
2.1710000000e+03 3.3039900000e-05
2.1720000000e+03 3.5733600000e-05
2.1730000000e+03 3.8439500000e-05
2.1740000000e+03 4.1164200000e-05
2.1750000000e+03 4.3900700000e-05
2.1760000000e+03 4.6656700000e-05
2.1770000000e+03 4.9424000000e-05
2.1780000000e+03 5.2211400000e-05
2.1790000000e+03 5.5009700000e-05
2.1800000000e+03 5.7828700000e-05
2.1806828610e+03 5.9758200000e-05
2.1810000000e+03 6.1368000000e-05
2.1820000000e+03 6.6468400000e-05
2.1830000000e+03 7.1598000000e-05
2.1840000000e+03 7.6749800000e-05
2.1850000000e+03 8.1937300000e-05
2.1860000000e+03 8.7146300000e-05
2.1870000000e+03 9.2392100000e-05
2.1880000000e+03 9.7658600000e-05
2.1890000000e+03 1.0296300000e-04
2.1900000000e+03 1.0828700000e-04
2.1906848140e+03 1.1195500000e-04
2.1910000000e+03 1.1307600000e-04
2.1920000000e+03 1.1663400000e-04
2.1930000000e+03 1.2022200000e-04
2.1940000000e+03 1.2381800000e-04
2.1950000000e+03 1.2744400000e-04
2.1960000000e+03 1.3108900000e-04
2.1970000000e+03 1.3474200000e-04
2.1980000000e+03 1.3842600000e-04
2.1990000000e+03 1.4211700000e-04
2.2000000000e+03 1.4584000000e-04
2.2006870120e+03 1.4842900000e-04
2.2010000000e+03 1.4893900000e-04
2.2020000000e+03 1.5058700000e-04
2.2030000000e+03 1.5222900000e-04
2.2040000000e+03 1.5389400000e-04
2.2050000000e+03 1.5555200000e-04
2.2060000000e+03 1.5723400000e-04
2.2070000000e+03 1.5890800000e-04
2.2080000000e+03 1.6060600000e-04
2.2090000000e+03 1.6231200000e-04
2.2100000000e+03 1.6401200000e-04
2.2106889650e+03 1.6519500000e-04
2.2110000000e+03 1.6662300000e-04
2.2120000000e+03 1.7121200000e-04
2.2130000000e+03 1.7584400000e-04
2.2140000000e+03 1.8048400000e-04
2.2150000000e+03 1.8516800000e-04
2.2160000000e+03 1.8986000000e-04
2.2170000000e+03 1.9459500000e-04
2.2180000000e+03 1.9933900000e-04
2.2190000000e+03 2.0412800000e-04
2.2200000000e+03 2.0892300000e-04
2.2206911620e+03 2.1226200000e-04
2.2210000000e+03 2.1642200000e-04
2.2220000000e+03 2.2994400000e-04
2.2230000000e+03 2.4352300000e-04
2.2240000000e+03 2.5720100000e-04
2.2250000000e+03 2.7093300000e-04
2.2260000000e+03 2.8476800000e-04
2.2270000000e+03 2.9865600000e-04
2.2280000000e+03 3.1264900000e-04
2.2290000000e+03 3.2669300000e-04
2.2300000000e+03 3.4084500000e-04
2.2306931150e+03 3.5054400000e-04
2.2310000000e+03 3.5733500000e-04
2.2320000000e+03 3.7956200000e-04
2.2330000000e+03 4.0185700000e-04
2.2340000000e+03 4.2429200000e-04
2.2350000000e+03 4.4679000000e-04
2.2360000000e+03 4.6943200000e-04
2.2370000000e+03 4.9217900000e-04
2.2380000000e+03 5.1498400000e-04
2.2390000000e+03 5.3794000000e-04
2.2400000000e+03 5.6094900000e-04
2.2406953120e+03 5.7703300000e-04
2.2410000000e+03 5.8232400000e-04
2.2420000000e+03 5.9968400000e-04
2.2430000000e+03 6.1717500000e-04
2.2440000000e+03 6.3468500000e-04
2.2450000000e+03 6.5232900000e-04
2.2460000000e+03 6.6998900000e-04
2.2470000000e+03 6.8778700000e-04
2.2480000000e+03 7.0559800000e-04
2.2490000000e+03 7.2355000000e-04
2.2500000000e+03 7.4151200000e-04
2.2506975100e+03 7.5411700000e-04
2.2510000000e+03 7.5428300000e-04
2.2520000000e+03 7.5476300000e-04
2.2530000000e+03 7.5530700000e-04
2.2540000000e+03 7.5584800000e-04
2.2550000000e+03 7.5631600000e-04
2.2560000000e+03 7.5684900000e-04
2.2570000000e+03 7.5731000000e-04
2.2580000000e+03 7.5783600000e-04
2.2590000000e+03 7.5828900000e-04
2.2600000000e+03 7.5880800000e-04
2.2606997070e+03 7.5910300000e-04
2.2610000000e+03 7.5936600000e-04
2.2620000000e+03 7.6030700000e-04
2.2630000000e+03 7.6117700000e-04
2.2640000000e+03 7.6211400000e-04
2.2650000000e+03 7.6298000000e-04
2.2660000000e+03 7.6391500000e-04
2.2670000000e+03 7.6477700000e-04
2.2680000000e+03 7.6570800000e-04
2.2690000000e+03 7.6656600000e-04
2.2700000000e+03 7.6749300000e-04
2.2707019040e+03 7.6812700000e-04
2.2710000000e+03 7.7409200000e-04
2.2720000000e+03 7.9408300000e-04
2.2730000000e+03 8.1422700000e-04
2.2740000000e+03 8.3437600000e-04
2.2750000000e+03 8.5468200000e-04
2.2760000000e+03 8.7499000000e-04
2.2770000000e+03 8.9545900000e-04
2.2780000000e+03 9.1592600000e-04
2.2790000000e+03 9.3655800000e-04
2.2800000000e+03 9.5718500000e-04
2.2807041020e+03 9.7180000000e-04
2.2810000000e+03 9.8685200000e-04
2.2820000000e+03 1.0377600000e-03
2.2830000000e+03 1.0889800000e-03
2.2840000000e+03 1.1402900000e-03
2.2850000000e+03 1.1919200000e-03
2.2860000000e+03 1.2436500000e-03
2.2870000000e+03 1.2957000000e-03
2.2880000000e+03 1.3478300000e-03
2.2890000000e+03 1.4003000000e-03
2.2900000000e+03 1.4528400000e-03
2.2907062990e+03 1.4901500000e-03
2.2910000000e+03 1.5141200000e-03
2.2920000000e+03 1.5959600000e-03
2.2930000000e+03 1.6779700000e-03
2.2940000000e+03 1.7604600000e-03
2.2950000000e+03 1.8431100000e-03
2.2960000000e+03 1.9262500000e-03
2.2970000000e+03 2.0095400000e-03
2.2980000000e+03 2.0933400000e-03
2.2990000000e+03 2.1772800000e-03
2.3000000000e+03 2.2617400000e-03
2.3007084960e+03 2.3206500000e-03
2.3010000000e+03 2.3403500000e-03
2.3020000000e+03 2.4082600000e-03
2.3030000000e+03 2.4761300000e-03
2.3040000000e+03 2.5444100000e-03
2.3050000000e+03 2.6126500000e-03
2.3060000000e+03 2.6813100000e-03
2.3070000000e+03 2.7499200000e-03
2.3080000000e+03 2.8189600000e-03
2.3090000000e+03 2.8879300000e-03
2.3100000000e+03 2.9573500000e-03
2.3107104490e+03 3.0065400000e-03
2.3110000000e+03 3.0105600000e-03
2.3120000000e+03 3.0247200000e-03
2.3130000000e+03 3.0386400000e-03
2.3140000000e+03 3.0528600000e-03
2.3150000000e+03 3.0671200000e-03
2.3160000000e+03 3.0811200000e-03
2.3170000000e+03 3.0954400000e-03
2.3180000000e+03 3.1095100000e-03
2.3190000000e+03 3.1238900000e-03
2.3200000000e+03 3.1380100000e-03
2.3207128910e+03 3.1482600000e-03
2.3210000000e+03 3.1484500000e-03
2.3220000000e+03 3.1488200000e-03
2.3230000000e+03 3.1494700000e-03
2.3240000000e+03 3.1498300000e-03
2.3250000000e+03 3.1504700000e-03
2.3260000000e+03 3.1508100000e-03
2.3270000000e+03 3.1514400000e-03
2.3280000000e+03 3.1517700000e-03
2.3290000000e+03 3.1523800000e-03
2.3300000000e+03 3.1526900000e-03
2.3307150880e+03 3.1530700000e-03
2.3310000000e+03 3.1633700000e-03
2.3320000000e+03 3.1993000000e-03
2.3330000000e+03 3.2356100000e-03
2.3340000000e+03 3.2717000000e-03
2.3350000000e+03 3.3081900000e-03
2.3360000000e+03 3.3444600000e-03
2.3370000000e+03 3.3811200000e-03
2.3380000000e+03 3.4175600000e-03
2.3390000000e+03 3.4544000000e-03
2.3400000000e+03 3.4910200000e-03
2.3407172850e+03 3.5175200000e-03
2.3410000000e+03 3.5410600000e-03
2.3420000000e+03 3.6241500000e-03
2.3430000000e+03 3.7077700000e-03
2.3440000000e+03 3.7912700000e-03
2.3450000000e+03 3.8753200000e-03
2.3460000000e+03 3.9595800000e-03
2.3470000000e+03 4.0436900000e-03
2.3480000000e+03 4.1283800000e-03
2.3490000000e+03 4.2129000000e-03
2.3500000000e+03 4.2980100000e-03
2.3507194820e+03 4.3590400000e-03
2.3510000000e+03 4.3922000000e-03
2.3520000000e+03 4.5109700000e-03
2.3530000000e+03 4.6296300000e-03
2.3540000000e+03 4.7489900000e-03
2.3550000000e+03 4.8682200000e-03
2.3560000000e+03 4.9881900000e-03
2.3570000000e+03 5.1079900000e-03
2.3580000000e+03 5.2285500000e-03
2.3590000000e+03 5.3489200000e-03
2.3600000000e+03 5.4700800000e-03
2.3607216800e+03 5.5572800000e-03
2.3610000000e+03 5.5885800000e-03
2.3620000000e+03 5.7017400000e-03
2.3630000000e+03 5.8146500000e-03
2.3640000000e+03 5.9283600000e-03
2.3650000000e+03 6.0418000000e-03
2.3660000000e+03 6.1560500000e-03
2.3670000000e+03 6.2700200000e-03
2.3680000000e+03 6.3848300000e-03
2.3690000000e+03 6.4993200000e-03
2.3700000000e+03 6.6146800000e-03
2.3707238770e+03 6.6978500000e-03
2.3710000000e+03 6.7193000000e-03
2.3720000000e+03 6.7976800000e-03
2.3730000000e+03 6.8756300000e-03
2.3740000000e+03 6.9543700000e-03
2.3750000000e+03 7.0326600000e-03
2.3760000000e+03 7.1117700000e-03
2.3770000000e+03 7.1904000000e-03
2.3780000000e+03 7.2698600000e-03
2.3790000000e+03 7.3488500000e-03
2.3800000000e+03 7.4286700000e-03
2.3807260740e+03 7.4861800000e-03
2.3810000000e+03 7.5057600000e-03
2.3820000000e+03 7.5780300000e-03
2.3830000000e+03 7.6497600000e-03
2.3840000000e+03 7.7223400000e-03
2.3850000000e+03 7.7943800000e-03
2.3860000000e+03 7.8672800000e-03
2.3870000000e+03 7.9396300000e-03
2.3880000000e+03 8.0128500000e-03
2.3890000000e+03 8.0855000000e-03
2.3900000000e+03 8.1590500000e-03
2.3907285160e+03 8.2121200000e-03
2.3910000000e+03 8.2452600000e-03
2.3920000000e+03 8.3682600000e-03
2.3930000000e+03 8.4907800000e-03
2.3940000000e+03 8.6143400000e-03
2.3950000000e+03 8.7373900000e-03
2.3960000000e+03 8.8615100000e-03
2.3970000000e+03 8.9859100000e-03
2.3980000000e+03 9.1097700000e-03
2.3990000000e+03 9.2347300000e-03
2.4000000000e+03 9.3591300000e-03
2.4007307130e+03 9.4419000000e-03
2.4010000000e+03 9.5008700000e-03
2.4020000000e+03 9.7189400000e-03
2.4030000000e+03 9.9378400000e-03
2.4040000000e+03 1.0155800000e-02
2.4050000000e+03 1.0374600000e-02
2.4060000000e+03 1.0592400000e-02
2.4070000000e+03 1.0811200000e-02
2.4080000000e+03 1.1028900000e-02
2.4090000000e+03 1.1247500000e-02
2.4100000000e+03 1.1465100000e-02
2.4107329100e+03 1.1625200000e-02
2.4110000000e+03 1.1721200000e-02
2.4120000000e+03 1.2079500000e-02
2.4130000000e+03 1.2438700000e-02
2.4140000000e+03 1.2796800000e-02
2.4150000000e+03 1.3155900000e-02
2.4160000000e+03 1.3513700000e-02
2.4170000000e+03 1.3872700000e-02
2.4180000000e+03 1.4230300000e-02
2.4190000000e+03 1.4589100000e-02
2.4200000000e+03 1.4946500000e-02
2.4207351070e+03 1.5210100000e-02
2.4210000000e+03 1.5339100000e-02
2.4220000000e+03 1.5824400000e-02
2.4230000000e+03 1.6311100000e-02
2.4240000000e+03 1.6796200000e-02
2.4250000000e+03 1.7282600000e-02
2.4260000000e+03 1.7767400000e-02
2.4270000000e+03 1.8253600000e-02
2.4280000000e+03 1.8738000000e-02
2.4290000000e+03 1.9224000000e-02
2.4300000000e+03 1.9708200000e-02
2.4307375490e+03 2.0064300000e-02
2.4310000000e+03 2.0204700000e-02
2.4320000000e+03 2.0737700000e-02
2.4330000000e+03 2.1272200000e-02
2.4340000000e+03 2.1804500000e-02
2.4350000000e+03 2.2338500000e-02
2.4360000000e+03 2.2870100000e-02
2.4370000000e+03 2.3403500000e-02
2.4380000000e+03 2.3934500000e-02
2.4390000000e+03 2.4467300000e-02
2.4400000000e+03 2.4997700000e-02
2.4407397460e+03 2.5391300000e-02
2.4410000000e+03 2.5522500000e-02
2.4420000000e+03 2.6023700000e-02
2.4430000000e+03 2.6527000000e-02
2.4440000000e+03 2.7027700000e-02
2.4450000000e+03 2.7530400000e-02
2.4460000000e+03 2.8030400000e-02
2.4470000000e+03 2.8532600000e-02
2.4480000000e+03 2.9032000000e-02
2.4490000000e+03 2.9533700000e-02
2.4500000000e+03 3.0032400000e-02
2.4507421880e+03 3.0404200000e-02
2.4510000000e+03 3.0532200000e-02
2.4520000000e+03 3.1025400000e-02
2.4530000000e+03 3.1521100000e-02
2.4540000000e+03 3.2013700000e-02
2.4550000000e+03 3.2508900000e-02
2.4560000000e+03 3.3000800000e-02
2.4570000000e+03 3.3495500000e-02
2.4580000000e+03 3.3986800000e-02
2.4590000000e+03 3.4477700000e-02
2.4600000000e+03 3.4971500000e-02
2.4607443850e+03 3.5336400000e-02
2.4610000000e+03 3.5493000000e-02
2.4620000000e+03 3.6108500000e-02
2.4630000000e+03 3.6720400000e-02
2.4640000000e+03 3.7335200000e-02
2.4650000000e+03 3.7946300000e-02
2.4660000000e+03 3.8560400000e-02
2.4670000000e+03 3.9170700000e-02
2.4680000000e+03 3.9784100000e-02
2.4690000000e+03 4.0393600000e-02
2.4700000000e+03 4.1006300000e-02
2.4707465820e+03 4.1460800000e-02
2.4710000000e+03 4.1677800000e-02
2.4720000000e+03 4.2537600000e-02
2.4730000000e+03 4.3393000000e-02
2.4740000000e+03 4.4251800000e-02
2.4750000000e+03 4.5106100000e-02
2.4760000000e+03 4.5964000000e-02
2.4770000000e+03 4.6817100000e-02
2.4780000000e+03 4.7674000000e-02
2.4790000000e+03 4.8526000000e-02
2.4800000000e+03 4.9381900000e-02
2.4807490230e+03 5.0019300000e-02
2.4810000000e+03 5.0300100000e-02
2.4820000000e+03 5.1423100000e-02
2.4830000000e+03 5.2540800000e-02
2.4840000000e+03 5.3662500000e-02
2.4850000000e+03 5.4778600000e-02
2.4860000000e+03 5.5899100000e-02
2.4870000000e+03 5.7013700000e-02
2.4880000000e+03 5.8132900000e-02
2.4890000000e+03 5.9246100000e-02
2.4900000000e+03 6.0363900000e-02
2.4907512210e+03 6.1199200000e-02
2.4910000000e+03 6.1508500000e-02
2.4920000000e+03 6.2757200000e-02
2.4930000000e+03 6.3999400000e-02
2.4940000000e+03 6.5246600000e-02
2.4950000000e+03 6.6487200000e-02
2.4960000000e+03 6.7733000000e-02
2.4970000000e+03 6.8971900000e-02
2.4980000000e+03 7.0216200000e-02
2.4990000000e+03 7.1453500000e-02
2.5000000000e+03 7.2696400000e-02
2.5007536620e+03 7.3608700000e-02
2.5010000000e+03 7.3880500000e-02
2.5020000000e+03 7.4989700000e-02
2.5030000000e+03 7.6090700000e-02
2.5040000000e+03 7.7197000000e-02
2.5050000000e+03 7.8294800000e-02
2.5060000000e+03 7.9398100000e-02
2.5070000000e+03 8.0492800000e-02
2.5080000000e+03 8.1593300000e-02
2.5090000000e+03 8.2684800000e-02
2.5100000000e+03 8.3782400000e-02
2.5107561040e+03 8.4605700000e-02
2.5110000000e+03 8.4809900000e-02
2.5120000000e+03 8.5646500000e-02
2.5130000000e+03 8.6489600000e-02
2.5140000000e+03 8.7323800000e-02
2.5150000000e+03 8.8164700000e-02
2.5160000000e+03 8.8996400000e-02
2.5170000000e+03 8.9835000000e-02
2.5180000000e+03 9.0664300000e-02
2.5190000000e+03 9.1500600000e-02
2.5200000000e+03 9.2327400000e-02
2.5207583010e+03 9.2960100000e-02
2.5210000000e+03 9.3115500000e-02
2.5220000000e+03 9.3749100000e-02
2.5230000000e+03 9.4390300000e-02
2.5240000000e+03 9.5022000000e-02
2.5250000000e+03 9.5661400000e-02
2.5260000000e+03 9.6291200000e-02
2.5270000000e+03 9.6928700000e-02
2.5280000000e+03 9.7556600000e-02
2.5290000000e+03 9.8192400000e-02
2.5300000000e+03 9.8818300000e-02
2.5307604980e+03 9.9300700000e-02
2.5310000000e+03 9.9442400000e-02
2.5320000000e+03 1.0002400000e-01
2.5330000000e+03 1.0061400000e-01
2.5340000000e+03 1.0119400000e-01
2.5350000000e+03 1.0178300000e-01
2.5360000000e+03 1.0236100000e-01
2.5370000000e+03 1.0294800000e-01
2.5380000000e+03 1.0352400000e-01
2.5390000000e+03 1.0410900000e-01
2.5400000000e+03 1.0468400000e-01
2.5407629390e+03 1.0512200000e-01
2.5410000000e+03 1.0526400000e-01
2.5420000000e+03 1.0587200000e-01
2.5430000000e+03 1.0646900000e-01
2.5440000000e+03 1.0707500000e-01
2.5450000000e+03 1.0767100000e-01
2.5460000000e+03 1.0827500000e-01
2.5470000000e+03 1.0886900000e-01
2.5480000000e+03 1.0947200000e-01
2.5490000000e+03 1.1006400000e-01
2.5500000000e+03 1.1066400000e-01
2.5507653810e+03 1.1111600000e-01
2.5510000000e+03 1.1124900000e-01
2.5520000000e+03 1.1182300000e-01
2.5530000000e+03 1.1238600000e-01
2.5540000000e+03 1.1295800000e-01
2.5550000000e+03 1.1352000000e-01
2.5560000000e+03 1.1409100000e-01
2.5570000000e+03 1.1465000000e-01
2.5580000000e+03 1.1521900000e-01
2.5590000000e+03 1.1577700000e-01
2.5600000000e+03 1.1634400000e-01
2.5607675780e+03 1.1677100000e-01
2.5610000000e+03 1.1686800000e-01
2.5620000000e+03 1.1729400000e-01
2.5630000000e+03 1.1770800000e-01
2.5640000000e+03 1.1813300000e-01
2.5650000000e+03 1.1854600000e-01
2.5660000000e+03 1.1895800000e-01
2.5670000000e+03 1.1938100000e-01
2.5680000000e+03 1.1979200000e-01
2.5690000000e+03 1.2021300000e-01
2.5700000000e+03 1.2062300000e-01
2.5707700200e+03 1.2094600000e-01
2.5710000000e+03 1.2100000000e-01
2.5720000000e+03 1.2122200000e-01
2.5730000000e+03 1.2145500000e-01
2.5740000000e+03 1.2167600000e-01
2.5750000000e+03 1.2190800000e-01
2.5760000000e+03 1.2212800000e-01
2.5770000000e+03 1.2235900000e-01
2.5780000000e+03 1.2257900000e-01
2.5790000000e+03 1.2280900000e-01
2.5800000000e+03 1.2302700000e-01
2.5807724610e+03 1.2320500000e-01
2.5810000000e+03 1.2322200000e-01
2.5820000000e+03 1.2329000000e-01
2.5830000000e+03 1.2336800000e-01
2.5840000000e+03 1.2343600000e-01
2.5850000000e+03 1.2350200000e-01
2.5860000000e+03 1.2358000000e-01
2.5870000000e+03 1.2364600000e-01
2.5880000000e+03 1.2372400000e-01
2.5890000000e+03 1.2379000000e-01
2.5900000000e+03 1.2386600000e-01
2.5907749020e+03 1.2391700000e-01
2.5910000000e+03 1.2391000000e-01
2.5920000000e+03 1.2389200000e-01
2.5930000000e+03 1.2386100000e-01
2.5940000000e+03 1.2384200000e-01
2.5950000000e+03 1.2381200000e-01
2.5960000000e+03 1.2379200000e-01
2.5970000000e+03 1.2376200000e-01
2.5980000000e+03 1.2374200000e-01
2.5990000000e+03 1.2371100000e-01
2.6000000000e+03 1.2369100000e-01
2.6007771000e+03 1.2362100000e-01
2.6010000000e+03 1.2358700000e-01
2.6020000000e+03 1.2344800000e-01
2.6030000000e+03 1.2329700000e-01
2.6040000000e+03 1.2314600000e-01
2.6050000000e+03 1.2300600000e-01
2.6060000000e+03 1.2285500000e-01
2.6070000000e+03 1.2271500000e-01
2.6080000000e+03 1.2256400000e-01
2.6090000000e+03 1.2242400000e-01
2.6100000000e+03 1.2227300000e-01
2.6107795410e+03 1.2216400000e-01
2.6110000000e+03 1.2211800000e-01
2.6120000000e+03 1.2189900000e-01
2.6130000000e+03 1.2169000000e-01
2.6140000000e+03 1.2147100000e-01
2.6150000000e+03 1.2126300000e-01
2.6160000000e+03 1.2104400000e-01
2.6170000000e+03 1.2083600000e-01
2.6180000000e+03 1.2061700000e-01
2.6190000000e+03 1.2039800000e-01
2.6200000000e+03 1.2019100000e-01
2.6207819820e+03 1.2002000000e-01
2.6210000000e+03 1.1995600000e-01
2.6220000000e+03 1.1967100000e-01
2.6230000000e+03 1.1937600000e-01
2.6240000000e+03 1.1909200000e-01
2.6250000000e+03 1.1879800000e-01
2.6260000000e+03 1.1851400000e-01
2.6270000000e+03 1.1822000000e-01
2.6280000000e+03 1.1793700000e-01
2.6290000000e+03 1.1764400000e-01
2.6300000000e+03 1.1736200000e-01
2.6307841800e+03 1.1713700000e-01
2.6310000000e+03 1.1706000000e-01
2.6320000000e+03 1.1671300000e-01
2.6330000000e+03 1.1635700000e-01
2.6340000000e+03 1.1600100000e-01
2.6350000000e+03 1.1565600000e-01
2.6360000000e+03 1.1530100000e-01
2.6370000000e+03 1.1495700000e-01
2.6380000000e+03 1.1460300000e-01
2.6390000000e+03 1.1426000000e-01
2.6400000000e+03 1.1390600000e-01
2.6407866210e+03 1.1363700000e-01
2.6410000000e+03 1.1355900000e-01
2.6420000000e+03 1.1318400000e-01
2.6430000000e+03 1.1282000000e-01
2.6440000000e+03 1.1244600000e-01
2.6450000000e+03 1.1208200000e-01
2.6460000000e+03 1.1170900000e-01
2.6470000000e+03 1.1134700000e-01
2.6480000000e+03 1.1097500000e-01
2.6490000000e+03 1.1060400000e-01
2.6500000000e+03 1.1024300000e-01
2.6507890620e+03 1.0995100000e-01
2.6510000000e+03 1.0987700000e-01
2.6520000000e+03 1.0954000000e-01
2.6530000000e+03 1.0919400000e-01
2.6540000000e+03 1.0885700000e-01
2.6550000000e+03 1.0851200000e-01
2.6560000000e+03 1.0817600000e-01
2.6570000000e+03 1.0783200000e-01
2.6580000000e+03 1.0749700000e-01
2.6590000000e+03 1.0715300000e-01
2.6600000000e+03 1.0682000000e-01
2.6607915040e+03 1.0654800000e-01
2.6610000000e+03 1.0648700000e-01
2.6620000000e+03 1.0619500000e-01
2.6630000000e+03 1.0591300000e-01
2.6640000000e+03 1.0562100000e-01
2.6650000000e+03 1.0533900000e-01
2.6660000000e+03 1.0504800000e-01
2.6670000000e+03 1.0476700000e-01
2.6680000000e+03 1.0447600000e-01
2.6690000000e+03 1.0419600000e-01
2.6700000000e+03 1.0390600000e-01
2.6707937010e+03 1.0368400000e-01
2.6710000000e+03 1.0363900000e-01
2.6720000000e+03 1.0341000000e-01
2.6730000000e+03 1.0318100000e-01
2.6740000000e+03 1.0296200000e-01
2.6750000000e+03 1.0273300000e-01
2.6760000000e+03 1.0251400000e-01
2.6770000000e+03 1.0228600000e-01
2.6780000000e+03 1.0206700000e-01
2.6790000000e+03 1.0184000000e-01
2.6800000000e+03 1.0162100000e-01
2.6807961430e+03 1.0144000000e-01
2.6810000000e+03 1.0140000000e-01
2.6820000000e+03 1.0120900000e-01
2.6830000000e+03 1.0100900000e-01
2.6840000000e+03 1.0081900000e-01
2.6850000000e+03 1.0062000000e-01
2.6860000000e+03 1.0042000000e-01
2.6870000000e+03 1.0023000000e-01
2.6880000000e+03 1.0003100000e-01
2.6890000000e+03 9.9841600000e-02
2.6900000000e+03 9.9642900000e-02
2.6907985840e+03 9.9491500000e-02
2.6910000000e+03 9.9449900000e-02
2.6920000000e+03 9.9234300000e-02
2.6930000000e+03 9.9027700000e-02
2.6940000000e+03 9.8812500000e-02
2.6950000000e+03 9.8606300000e-02
2.6960000000e+03 9.8391300000e-02
2.6970000000e+03 9.8176600000e-02
2.6980000000e+03 9.7970800000e-02
2.6990000000e+03 9.7756400000e-02
2.7000000000e+03 9.7550900000e-02
2.7008010250e+03 9.7475700000e-02
2.7010000000e+03 9.7447100000e-02
2.7020000000e+03 9.7312000000e-02
2.7030000000e+03 9.7168200000e-02
2.7040000000e+03 9.7033100000e-02
2.7050000000e+03 9.6889300000e-02
2.7060000000e+03 9.6754200000e-02
2.7070000000e+03 9.6610500000e-02
2.7080000000e+03 9.6466800000e-02
2.7090000000e+03 9.6331700000e-02
2.7100000000e+03 9.6188000000e-02
2.7108034670e+03 9.6079600000e-02
2.7110000000e+03 9.6044700000e-02
2.7120000000e+03 9.5858700000e-02
2.7130000000e+03 9.5681200000e-02
2.7140000000e+03 9.5495300000e-02
2.7150000000e+03 9.5317900000e-02
2.7160000000e+03 9.5131900000e-02
2.7170000000e+03 9.4954500000e-02
2.7180000000e+03 9.4768700000e-02
2.7190000000e+03 9.4582800000e-02
2.7200000000e+03 9.4405500000e-02
2.7208059080e+03 9.4255800000e-02
2.7210000000e+03 9.4215800000e-02
2.7220000000e+03 9.4018200000e-02
2.7230000000e+03 9.3812200000e-02
2.7240000000e+03 9.3614500000e-02
2.7250000000e+03 9.3408600000e-02
2.7260000000e+03 9.3211000000e-02
2.7270000000e+03 9.3005100000e-02
2.7280000000e+03 9.2799200000e-02
2.7290000000e+03 9.2601700000e-02
2.7300000000e+03 9.2395900000e-02
2.7308083500e+03 9.2236300000e-02
2.7310000000e+03 9.2199500000e-02
2.7320000000e+03 9.1999300000e-02
2.7330000000e+03 9.1807400000e-02
2.7340000000e+03 9.1607300000e-02
2.7350000000e+03 9.1415400000e-02
2.7360000000e+03 9.1215400000e-02
2.7370000000e+03 9.1015400000e-02
2.7380000000e+03 9.0823500000e-02
2.7390000000e+03 9.0623600000e-02
2.7400000000e+03 9.0431700000e-02
2.7408107910e+03 9.0269800000e-02
2.7410000000e+03 9.0237900000e-02
2.7420000000e+03 9.0077700000e-02
2.7430000000e+03 8.9909500000e-02
2.7440000000e+03 8.9749300000e-02
2.7450000000e+03 8.9581100000e-02
2.7460000000e+03 8.9421000000e-02
2.7470000000e+03 8.9252800000e-02
2.7480000000e+03 8.9084700000e-02
2.7490000000e+03 8.8924600000e-02
2.7500000000e+03 8.8756500000e-02
2.7508129880e+03 8.8626400000e-02
2.7510000000e+03 8.8602000000e-02
2.7520000000e+03 8.8463500000e-02
2.7530000000e+03 8.8332800000e-02
2.7540000000e+03 8.8194300000e-02
2.7550000000e+03 8.8063700000e-02
2.7560000000e+03 8.7925200000e-02
2.7570000000e+03 8.7786800000e-02
2.7580000000e+03 8.7656200000e-02
2.7590000000e+03 8.7517800000e-02
2.7600000000e+03 8.7387200000e-02
2.7608156740e+03 8.7274400000e-02
2.7610000000e+03 8.7248900000e-02
2.7620000000e+03 8.7118700000e-02
2.7630000000e+03 8.6980700000e-02
2.7640000000e+03 8.6850500000e-02
2.7650000000e+03 8.6712500000e-02
2.7660000000e+03 8.6574600000e-02
2.7670000000e+03 8.6444400000e-02
2.7680000000e+03 8.6306400000e-02
2.7690000000e+03 8.6176300000e-02
2.7700000000e+03 8.6038400000e-02
2.7708181150e+03 8.5931900000e-02
2.7710000000e+03 8.5902900000e-02
2.7720000000e+03 8.5735800000e-02
2.7730000000e+03 8.5576300000e-02
2.7740000000e+03 8.5409200000e-02
2.7750000000e+03 8.5242200000e-02
2.7760000000e+03 8.5082700000e-02
2.7770000000e+03 8.4915700000e-02
2.7780000000e+03 8.4756300000e-02
2.7790000000e+03 8.4589400000e-02
2.7800000000e+03 8.4430000000e-02
2.7808203120e+03 8.4293100000e-02
2.7810000000e+03 8.4255500000e-02
2.7820000000e+03 8.4046500000e-02
2.7830000000e+03 8.3845100000e-02
2.7840000000e+03 8.3636100000e-02
2.7850000000e+03 8.3434700000e-02
2.7860000000e+03 8.3225800000e-02
2.7870000000e+03 8.3024400000e-02
2.7880000000e+03 8.2815600000e-02
2.7890000000e+03 8.2614200000e-02
2.7900000000e+03 8.2405500000e-02
2.7908229980e+03 8.2233800000e-02
2.7910000000e+03 8.2188000000e-02
2.7920000000e+03 8.1936800000e-02
2.7930000000e+03 8.1678200000e-02
2.7940000000e+03 8.1427000000e-02
2.7950000000e+03 8.1168600000e-02
2.7960000000e+03 8.0917400000e-02
2.7970000000e+03 8.0659100000e-02
2.7980000000e+03 8.0407900000e-02
2.7990000000e+03 8.0149700000e-02
2.8000000000e+03 7.9891500000e-02
2.8008251950e+03 7.9717600000e-02
2.8010000000e+03 7.9675800000e-02
2.8020000000e+03 7.9429500000e-02
2.8030000000e+03 7.9190000000e-02
2.8040000000e+03 7.8943200000e-02
2.8050000000e+03 7.8703200000e-02
2.8060000000e+03 7.8456000000e-02
2.8070000000e+03 7.8208500000e-02
2.8080000000e+03 7.7967900000e-02
2.8090000000e+03 7.7720000000e-02
2.8100000000e+03 7.7478900000e-02
2.8108278810e+03 7.7273400000e-02
2.8110000000e+03 7.7231700000e-02
2.8120000000e+03 7.6996600000e-02
2.8130000000e+03 7.6754400000e-02
2.8140000000e+03 7.6512000000e-02
2.8150000000e+03 7.6276100000e-02
2.8160000000e+03 7.6033300000e-02
2.8170000000e+03 7.5797000000e-02
2.8180000000e+03 7.5553800000e-02
2.8190000000e+03 7.5317000000e-02
2.8200000000e+03 7.5073300000e-02
2.8208300780e+03 7.4876400000e-02
2.8210000000e+03 7.4842200000e-02
2.8220000000e+03 7.4634000000e-02
2.8230000000e+03 7.4425500000e-02
2.8240000000e+03 7.4223600000e-02
2.8250000000e+03 7.4014800000e-02
2.8260000000e+03 7.3812400000e-02
2.8270000000e+03 7.3603200000e-02
2.8280000000e+03 7.3400500000e-02
2.8290000000e+03 7.3190900000e-02
2.8300000000e+03 7.2981200000e-02
2.8308325200e+03 7.2805600000e-02
2.8310000000e+03 7.2779900000e-02
2.8320000000e+03 7.2620300000e-02
2.8330000000e+03 7.2467000000e-02
2.8340000000e+03 7.2307100000e-02
2.8350000000e+03 7.2153600000e-02
2.8360000000e+03 7.1993500000e-02
2.8370000000e+03 7.1833300000e-02
2.8380000000e+03 7.1679500000e-02
2.8390000000e+03 7.1519100000e-02
2.8400000000e+03 7.1365000000e-02
2.8408352050e+03 7.1230900000e-02
2.8410000000e+03 7.1214400000e-02
2.8420000000e+03 7.1120500000e-02
2.8430000000e+03 7.1020200000e-02
2.8440000000e+03 7.0919900000e-02
2.8450000000e+03 7.0825800000e-02
2.8460000000e+03 7.0725400000e-02
2.8470000000e+03 7.0631100000e-02
2.8480000000e+03 7.0530500000e-02
2.8490000000e+03 7.0436100000e-02
2.8500000000e+03 7.0335400000e-02
2.8508376460e+03 7.0251000000e-02
2.8510000000e+03 7.0240500000e-02
2.8520000000e+03 7.0182500000e-02
2.8530000000e+03 7.0118100000e-02
2.8540000000e+03 7.0059900000e-02
2.8550000000e+03 6.9995500000e-02
2.8560000000e+03 6.9937200000e-02
2.8570000000e+03 6.9872700000e-02
2.8580000000e+03 6.9808100000e-02
2.8590000000e+03 6.9749600000e-02
2.8600000000e+03 6.9684900000e-02
2.8608400880e+03 6.9635800000e-02
2.8610000000e+03 6.9628100000e-02
2.8620000000e+03 6.9573800000e-02
2.8630000000e+03 6.9525700000e-02
2.8640000000e+03 6.9471300000e-02
2.8650000000e+03 6.9416900000e-02
2.8660000000e+03 6.9368600000e-02
2.8670000000e+03 6.9314100000e-02
2.8680000000e+03 6.9265800000e-02
2.8690000000e+03 6.9211200000e-02
2.8700000000e+03 6.9162700000e-02
2.8708425290e+03 6.9116700000e-02
2.8710000000e+03 6.9105000000e-02
2.8720000000e+03 6.9031100000e-02
2.8730000000e+03 6.8963300000e-02
2.8740000000e+03 6.8889300000e-02
2.8750000000e+03 6.8821300000e-02
2.8760000000e+03 6.8747200000e-02
2.8770000000e+03 6.8679100000e-02
2.8780000000e+03 6.8604900000e-02
2.8790000000e+03 6.8530600000e-02
2.8800000000e+03 6.8462400000e-02
2.8808449710e+03 6.8399500000e-02
2.8810000000e+03 6.8381500000e-02
2.8820000000e+03 6.8271200000e-02
2.8830000000e+03 6.8154700000e-02
2.8840000000e+03 6.8044200000e-02
2.8850000000e+03 6.7927600000e-02
2.8860000000e+03 6.7810900000e-02
2.8870000000e+03 6.7700100000e-02
2.8880000000e+03 6.7583300000e-02
2.8890000000e+03 6.7472300000e-02
2.8900000000e+03 6.7355300000e-02
2.8908474120e+03 6.7256100000e-02
2.8910000000e+03 6.7232100000e-02
2.8920000000e+03 6.7080600000e-02
2.8930000000e+03 6.6923000000e-02
2.8940000000e+03 6.6771300000e-02
2.8950000000e+03 6.6613500000e-02
2.8960000000e+03 6.6461500000e-02
2.8970000000e+03 6.6303500000e-02
2.8980000000e+03 6.6145400000e-02
2.8990000000e+03 6.5993100000e-02
2.9000000000e+03 6.5834800000e-02
2.9008498540e+03 6.5728100000e-02
2.9010000000e+03 6.5704800000e-02
2.9020000000e+03 6.5543400000e-02
2.9030000000e+03 6.5387500000e-02
2.9040000000e+03 6.5225600000e-02
2.9050000000e+03 6.5063300000e-02
2.9060000000e+03 6.4906600000e-02
2.9070000000e+03 6.4743800000e-02
2.9080000000e+03 6.4586400000e-02
2.9090000000e+03 6.4423000000e-02
2.9100000000e+03 6.4259400000e-02
2.9108522950e+03 6.4124500000e-02
2.9110000000e+03 6.4101200000e-02
2.9120000000e+03 6.3937200000e-02
2.9130000000e+03 6.3778700000e-02
2.9140000000e+03 6.3614100000e-02
2.9150000000e+03 6.3455000000e-02
2.9160000000e+03 6.3289900000e-02
2.9170000000e+03 6.3124500000e-02
2.9180000000e+03 6.2964400000e-02
2.9190000000e+03 6.2798500000e-02
2.9200000000e+03 6.2637800000e-02
2.9208547360e+03 6.2495500000e-02
2.9210000000e+03 6.2473600000e-02
2.9220000000e+03 6.2323000000e-02
2.9230000000e+03 6.2177600000e-02
2.9240000000e+03 6.2026400000e-02
2.9250000000e+03 6.1880400000e-02
2.9260000000e+03 6.1728700000e-02
2.9270000000e+03 6.1582200000e-02
2.9280000000e+03 6.1430000000e-02
2.9290000000e+03 6.1277500000e-02
2.9300000000e+03 6.1130100000e-02
2.9308574220e+03 6.0998900000e-02
2.9310000000e+03 6.0979800000e-02
2.9320000000e+03 6.0850700000e-02
2.9330000000e+03 6.0716000000e-02
2.9340000000e+03 6.0581100000e-02
2.9350000000e+03 6.0451300000e-02
2.9360000000e+03 6.0315800000e-02
2.9370000000e+03 6.0185600000e-02
2.9380000000e+03 6.0049700000e-02
2.9390000000e+03 5.9918900000e-02
2.9400000000e+03 5.9782500000e-02
2.9408598630e+03 5.9665000000e-02
2.9410000000e+03 5.9647100000e-02
2.9420000000e+03 5.9523900000e-02
2.9430000000e+03 5.9395300000e-02
2.9440000000e+03 5.9271700000e-02
2.9450000000e+03 5.9142600000e-02
2.9460000000e+03 5.9013200000e-02
2.9470000000e+03 5.8888900000e-02
2.9480000000e+03 5.8759100000e-02
2.9490000000e+03 5.8634300000e-02
2.9500000000e+03 5.8504100000e-02
2.9508623050e+03 5.8391600000e-02
2.9510000000e+03 5.8373200000e-02
2.9520000000e+03 5.8244200000e-02
2.9530000000e+03 5.8109900000e-02
2.9540000000e+03 5.7980500000e-02
2.9550000000e+03 5.7845700000e-02
2.9560000000e+03 5.7715900000e-02
2.9570000000e+03 5.7580600000e-02
2.9580000000e+03 5.7445100000e-02
2.9590000000e+03 5.7314500000e-02
2.9600000000e+03 5.7178600000e-02
2.9608647460e+03 5.7065200000e-02
2.9610000000e+03 5.7043800000e-02
2.9620000000e+03 5.6880500000e-02
2.9630000000e+03 5.6716900000e-02
2.9640000000e+03 5.6558000000e-02
2.9650000000e+03 5.6393800000e-02
2.9660000000e+03 5.6234400000e-02
2.9670000000e+03 5.6069700000e-02
2.9680000000e+03 5.5904800000e-02
2.9690000000e+03 5.5744500000e-02
2.9700000000e+03 5.5579000000e-02
2.9708671880e+03 5.5439500000e-02
2.9710000000e+03 5.5413600000e-02
2.9720000000e+03 5.5213800000e-02
2.9730000000e+03 5.5013700000e-02
2.9740000000e+03 5.4818200000e-02
2.9750000000e+03 5.4617400000e-02
2.9760000000e+03 5.4421200000e-02
2.9770000000e+03 5.4219800000e-02
2.9780000000e+03 5.4022900000e-02
2.9790000000e+03 5.3820900000e-02
2.9800000000e+03 5.3618600000e-02
2.9808696290e+03 5.3446500000e-02
2.9810000000e+03 5.3418400000e-02
2.9820000000e+03 5.3197500000e-02
2.9830000000e+03 5.2981100000e-02
2.9840000000e+03 5.2759500000e-02
2.9850000000e+03 5.2537700000e-02
2.9860000000e+03 5.2320100000e-02
2.9870000000e+03 5.2097600000e-02
2.9880000000e+03 5.1879300000e-02
2.9890000000e+03 5.1656100000e-02
2.9900000000e+03 5.1432600000e-02
2.9908723140e+03 5.1241200000e-02
2.9910000000e+03 5.1212000000e-02
2.9920000000e+03 5.0978400000e-02
2.9930000000e+03 5.0749000000e-02
2.9940000000e+03 5.0514800000e-02
2.9950000000e+03 5.0280100000e-02
2.9960000000e+03 5.0049600000e-02
2.9970000000e+03 4.9814300000e-02
2.9980000000e+03 4.9583000000e-02
2.9990000000e+03 4.9347000000e-02
3.0000000000e+03 4.9110700000e-02
3.0008747560e+03 4.8879600000e-02
3.0010000000e+03 4.8846200000e-02
3.0020000000e+03 4.8575300000e-02
3.0030000000e+03 4.8308700000e-02
3.0040000000e+03 4.8037800000e-02
3.0050000000e+03 4.7766900000e-02
3.0060000000e+03 4.7500300000e-02
3.0070000000e+03 4.7229400000e-02
3.0080000000e+03 4.6962600000e-02
3.0090000000e+03 4.6691700000e-02
3.0100000000e+03 4.6420800000e-02
3.0108771970e+03 4.6186700000e-02
3.0110000000e+03 4.6150700000e-02
3.0120000000e+03 4.5853000000e-02
3.0130000000e+03 4.5559300000e-02
3.0140000000e+03 4.5261600000e-02
3.0150000000e+03 4.4963800000e-02
3.0160000000e+03 4.4670100000e-02
3.0170000000e+03 4.4372300000e-02
3.0180000000e+03 4.4078500000e-02
3.0190000000e+03 4.3780800000e-02
3.0200000000e+03 4.3483000000e-02
3.0208796390e+03 4.3224400000e-02
3.0210000000e+03 4.3177300000e-02
3.0220000000e+03 4.2781600000e-02
3.0230000000e+03 4.2389700000e-02
3.0240000000e+03 4.1994000000e-02
3.0250000000e+03 4.1598300000e-02
3.0260000000e+03 4.1206200000e-02
3.0270000000e+03 4.0810500000e-02
3.0280000000e+03 4.0418400000e-02
3.0290000000e+03 4.0022600000e-02
3.0300000000e+03 3.9626900000e-02
3.0308820800e+03 3.9280700000e-02
3.0310000000e+03 3.9213600000e-02
3.0320000000e+03 3.8640700000e-02
3.0330000000e+03 3.8071300000e-02
3.0340000000e+03 3.7498400000e-02
3.0350000000e+03 3.6925600000e-02
3.0360000000e+03 3.6356000000e-02
3.0370000000e+03 3.5783100000e-02
3.0380000000e+03 3.5213400000e-02
3.0390000000e+03 3.4640500000e-02
3.0400000000e+03 3.4067700000e-02
3.0408847660e+03 3.3563500000e-02
3.0410000000e+03 3.3478400000e-02
3.0420000000e+03 3.2737500000e-02
3.0430000000e+03 3.1999400000e-02
3.0440000000e+03 3.1258500000e-02
3.0450000000e+03 3.0517500000e-02
3.0460000000e+03 2.9779300000e-02
3.0470000000e+03 2.9038300000e-02
3.0480000000e+03 2.8299900000e-02
3.0490000000e+03 2.7559000000e-02
3.0500000000e+03 2.6818000000e-02
3.0508872070e+03 2.6162800000e-02
3.0510000000e+03 2.6075700000e-02
3.0520000000e+03 2.5301200000e-02
3.0530000000e+03 2.4528800000e-02
3.0540000000e+03 2.3754300000e-02
3.0550000000e+03 2.2979800000e-02
3.0560000000e+03 2.2207300000e-02
3.0570000000e+03 2.1432800000e-02
3.0580000000e+03 2.0660200000e-02
3.0590000000e+03 1.9885700000e-02
3.0600000000e+03 1.9111200000e-02
3.0608896480e+03 1.8423600000e-02
3.0610000000e+03 1.8352700000e-02
3.0620000000e+03 1.7708500000e-02
3.0630000000e+03 1.7065800000e-02
3.0640000000e+03 1.6421500000e-02
3.0650000000e+03 1.5777300000e-02
3.0660000000e+03 1.5134400000e-02
3.0670000000e+03 1.4490200000e-02
3.0680000000e+03 1.3847200000e-02
3.0690000000e+03 1.3202900000e-02
3.0700000000e+03 1.2558700000e-02
3.0708920900e+03 1.1985000000e-02
3.0710000000e+03 1.1936300000e-02
3.0720000000e+03 1.1484300000e-02
3.0730000000e+03 1.1032200000e-02
3.0740000000e+03 1.0581200000e-02
3.0750000000e+03 1.0129100000e-02
3.0760000000e+03 9.6779600000e-03
3.0770000000e+03 9.2259200000e-03
3.0780000000e+03 8.7738900000e-03
3.0790000000e+03 8.3226300000e-03
3.0800000000e+03 7.8706000000e-03
3.0808947750e+03 7.4667400000e-03
3.0810000000e+03 7.4365900000e-03
3.0820000000e+03 7.1493300000e-03
3.0830000000e+03 6.8620900000e-03
3.0840000000e+03 6.5754400000e-03
3.0850000000e+03 6.2882000000e-03
3.0860000000e+03 6.0015000000e-03
3.0870000000e+03 5.7142600000e-03
3.0880000000e+03 5.4270300000e-03
3.0890000000e+03 5.1402700000e-03
3.0900000000e+03 4.8530300000e-03
3.0908972170e+03 4.5953300000e-03
3.0910000000e+03 4.5775000000e-03
3.0920000000e+03 4.4043900000e-03
3.0930000000e+03 4.2308800000e-03
3.0940000000e+03 4.0577400000e-03
3.0950000000e+03 3.8842300000e-03
3.0960000000e+03 3.7107300000e-03
3.0970000000e+03 3.5375500000e-03
3.0980000000e+03 3.3640400000e-03
3.0990000000e+03 3.1908300000e-03
3.1000000000e+03 3.0173300000e-03
3.1008996580e+03 2.8612500000e-03
3.1010000000e+03 2.8507400000e-03
3.1020000000e+03 2.7463200000e-03
3.1030000000e+03 2.6416600000e-03
3.1040000000e+03 2.5372200000e-03
3.1050000000e+03 2.4325500000e-03
3.1060000000e+03 2.3278900000e-03
3.1070000000e+03 2.2234300000e-03
3.1080000000e+03 2.1187700000e-03
3.1090000000e+03 2.0141100000e-03
3.1100000000e+03 1.9096300000e-03
3.1109021000e+03 1.8152200000e-03
3.1110000000e+03 1.8090300000e-03
3.1120000000e+03 1.7460200000e-03
3.1130000000e+03 1.6828400000e-03
3.1140000000e+03 1.6196700000e-03
3.1150000000e+03 1.5566400000e-03
3.1160000000e+03 1.4934600000e-03
3.1170000000e+03 1.4304200000e-03
3.1180000000e+03 1.3672500000e-03
3.1190000000e+03 1.3040800000e-03
3.1200000000e+03 1.2410200000e-03
3.1209047850e+03 1.1838700000e-03
3.1210000000e+03 1.1801100000e-03
3.1220000000e+03 1.1406400000e-03
3.1230000000e+03 1.1012700000e-03
3.1240000000e+03 1.0618000000e-03
3.1250000000e+03 1.0224200000e-03
3.1260000000e+03 9.8294900000e-04
3.1270000000e+03 9.4348000000e-04
3.1280000000e+03 9.0409400000e-04
3.1290000000e+03 8.6462600000e-04
3.1300000000e+03 8.2515900000e-04
3.1309072270e+03 7.8941900000e-04
3.1310000000e+03 7.8715500000e-04
3.1320000000e+03 7.6267800000e-04
3.1330000000e+03 7.3826700000e-04
3.1340000000e+03 7.1379100000e-04
3.1350000000e+03 6.8931600000e-04
3.1360000000e+03 6.6490000000e-04
3.1370000000e+03 6.4042500000e-04
3.1380000000e+03 6.1600500000e-04
3.1390000000e+03 5.9153000000e-04
3.1400000000e+03 5.6705600000e-04
3.1409099120e+03 5.4483200000e-04
3.1410000000e+03 5.4334300000e-04
3.1420000000e+03 5.2676900000e-04
3.1430000000e+03 5.1019700000e-04
3.1440000000e+03 4.9366900000e-04
3.1450000000e+03 4.7709600000e-04
3.1460000000e+03 4.6056500000e-04
3.1470000000e+03 4.4399200000e-04
3.1480000000e+03 4.2742100000e-04
3.1490000000e+03 4.1088600000e-04
3.1500000000e+03 3.9431500000e-04
3.1509123540e+03 3.7919600000e-04
3.1510000000e+03 3.7830800000e-04
3.1520000000e+03 3.6820600000e-04
3.1530000000e+03 3.5807200000e-04
3.1540000000e+03 3.4796900000e-04
3.1550000000e+03 3.3783400000e-04
3.1560000000e+03 3.2770000000e-04
3.1570000000e+03 3.1759500000e-04
3.1580000000e+03 3.0746100000e-04
3.1590000000e+03 2.9732800000e-04
3.1600000000e+03 2.8722000000e-04
3.1609147950e+03 2.7795000000e-04
3.1610000000e+03 2.7729600000e-04
3.1620000000e+03 2.6964700000e-04
3.1630000000e+03 2.6197300000e-04
3.1640000000e+03 2.5430000000e-04
3.1650000000e+03 2.4664900000e-04
3.1660000000e+03 2.3897600000e-04
3.1670000000e+03 2.3130300000e-04
3.1680000000e+03 2.2365000000e-04
3.1690000000e+03 2.1597800000e-04
3.1700000000e+03 2.0832400000e-04
3.1709172360e+03 2.0128600000e-04
3.1710000000e+03 2.0078100000e-04
3.1720000000e+03 1.9467900000e-04
3.1730000000e+03 1.8859400000e-04
3.1740000000e+03 1.8249200000e-04
3.1750000000e+03 1.7639000000e-04
3.1760000000e+03 1.7030400000e-04
3.1770000000e+03 1.6420200000e-04
3.1780000000e+03 1.5811500000e-04
3.1790000000e+03 1.5201300000e-04
3.1800000000e+03 1.4591200000e-04
3.1809199220e+03 1.4031100000e-04
3.1810000000e+03 1.4008100000e-04
3.1820000000e+03 1.3719900000e-04
3.1830000000e+03 1.3431700000e-04
3.1840000000e+03 1.3144600000e-04
3.1850000000e+03 1.2856400000e-04
3.1860000000e+03 1.2569300000e-04
3.1870000000e+03 1.2281100000e-04
3.1880000000e+03 1.1992900000e-04
3.1890000000e+03 1.1705800000e-04
3.1900000000e+03 1.1417600000e-04
3.1909223630e+03 1.1151800000e-04
3.1910000000e+03 1.1131000000e-04
3.1920000000e+03 1.0864700000e-04
3.1930000000e+03 1.0597500000e-04
3.1940000000e+03 1.0331200000e-04
3.1950000000e+03 1.0063900000e-04
3.1960000000e+03 9.7967200000e-05
3.1970000000e+03 9.5303500000e-05
3.1980000000e+03 9.2631300000e-05
3.1990000000e+03 8.9959300000e-05
3.2000000000e+03 8.7295000000e-05
3.2009248050e+03 8.4815100000e-05
3.2010000000e+03 8.4700100000e-05
3.2020000000e+03 8.3178000000e-05
3.2030000000e+03 8.1648800000e-05
3.2040000000e+03 8.0120100000e-05
3.2050000000e+03 7.8598700000e-05
3.2060000000e+03 7.7070700000e-05
3.2070000000e+03 7.5543100000e-05
3.2080000000e+03 7.4022500000e-05
3.2090000000e+03 7.2495600000e-05
3.2100000000e+03 7.0969100000e-05
3.2109274900e+03 6.9559400000e-05
3.2110000000e+03 6.9418900000e-05
3.2120000000e+03 6.7474800000e-05
3.2130000000e+03 6.5537100000e-05
3.2140000000e+03 6.3594000000e-05
3.2150000000e+03 6.1651400000e-05
3.2160000000e+03 5.9714600000e-05
3.2170000000e+03 5.7772900000e-05
3.2180000000e+03 5.5831800000e-05
3.2190000000e+03 5.3895900000e-05
3.2200000000e+03 5.1955700000e-05
3.2209299320e+03 5.0156000000e-05
3.2210000000e+03 5.0117400000e-05
3.2220000000e+03 4.9562000000e-05
3.2230000000e+03 4.9006800000e-05
3.2240000000e+03 4.8456100000e-05
3.2250000000e+03 4.7901100000e-05
3.2260000000e+03 4.7346400000e-05
3.2270000000e+03 4.6795800000e-05
3.2280000000e+03 4.6241300000e-05
3.2290000000e+03 4.5686900000e-05
3.2300000000e+03 4.5136700000e-05
3.2309326170e+03 4.4619900000e-05
3.2310000000e+03 4.4559700000e-05
3.2320000000e+03 4.3670500000e-05
3.2330000000e+03 4.2777600000e-05
3.2340000000e+03 4.1884900000e-05
3.2350000000e+03 4.0996100000e-05
3.2360000000e+03 4.0103900000e-05
3.2370000000e+03 3.9211900000e-05
3.2380000000e+03 3.8323500000e-05
3.2390000000e+03 3.7432000000e-05
3.2400000000e+03 3.6540600000e-05
3.2409350590e+03 3.5710400000e-05
3.2410000000e+03 3.5644800000e-05
3.2420000000e+03 3.4631400000e-05
3.2430000000e+03 3.3621300000e-05
3.2440000000e+03 3.2608400000e-05
3.2450000000e+03 3.1595800000e-05
3.2460000000e+03 3.0586200000e-05
3.2470000000e+03 2.9574000000e-05
3.2480000000e+03 2.8562200000e-05
3.2490000000e+03 2.7553100000e-05
3.2500000000e+03 2.6541700000e-05
3.2509375000e+03 2.5593800000e-05
3.2510000000e+03 2.5599600000e-05
3.2520000000e+03 2.5694500000e-05
3.2530000000e+03 2.5787200000e-05
3.2540000000e+03 2.5882100000e-05
3.2550000000e+03 2.5974800000e-05
3.2560000000e+03 2.6067400000e-05
3.2570000000e+03 2.6162200000e-05
3.2580000000e+03 2.6254800000e-05
3.2590000000e+03 2.6347300000e-05
3.2600000000e+03 2.6442200000e-05
3.2609401860e+03 2.6529100000e-05
3.2610000000e+03 2.6474400000e-05
3.2620000000e+03 2.5560800000e-05
