# photband: HST_ACS_WFC_F435W
# source: SVO Filter Profile Service
# svo_id: HST/ACS_WFC.F435W
# detector_type: 1
# response_type: photon
# components: Filter + CCD + Instrument
# profile_reference: https://stsynphot.readthedocs.io/en/latest/stsynphot/appendixb.html
# wavelength_unit: Angstrom
# columns: wavelength transmission
3.5260000000e+03 7.5973000000e-05
3.5270000000e+03 8.6502000000e-05
3.5280000000e+03 9.7099700000e-05
3.5290000000e+03 1.0776700000e-04
3.5300000000e+03 1.1850400000e-04
3.5310000000e+03 1.2930700000e-04
3.5320000000e+03 1.4017800000e-04
3.5330000000e+03 1.5111800000e-04
3.5340000000e+03 1.6212800000e-04
3.5350000000e+03 1.7320700000e-04
3.5360000000e+03 1.8435400000e-04
3.5370000000e+03 1.9557200000e-04
3.5380000000e+03 2.0685900000e-04
3.5390000000e+03 2.1821400000e-04
3.5400000000e+03 2.2964000000e-04
3.5410000000e+03 2.4108300000e-04
3.5420000000e+03 2.5259000000e-04
3.5430000000e+03 2.6416300000e-04
3.5440000000e+03 2.7580000000e-04
3.5450000000e+03 2.8750100000e-04
3.5460000000e+03 2.9926900000e-04
3.5470000000e+03 3.1110000000e-04
3.5480000000e+03 3.2299800000e-04
3.5490000000e+03 3.3496000000e-04
3.5500000000e+03 3.4698400000e-04
3.5510000000e+03 3.5908900000e-04
3.5520000000e+03 3.7125800000e-04
3.5530000000e+03 3.8349400000e-04
3.5540000000e+03 3.9579500000e-04
3.5550000000e+03 4.0816200000e-04
3.5560000000e+03 4.2059600000e-04
3.5570000000e+03 4.3309500000e-04
3.5580000000e+03 4.4566100000e-04
3.5590000000e+03 4.5829300000e-04
3.5600000000e+03 4.7099100000e-04
3.5610000000e+03 4.8896300000e-04
3.5620000000e+03 5.0702200000e-04
3.5630000000e+03 5.2517500000e-04
3.5640000000e+03 5.4341700000e-04
3.5650000000e+03 5.6175000000e-04
3.5660000000e+03 5.8017400000e-04
3.5670000000e+03 5.9868800000e-04
3.5680000000e+03 6.1729400000e-04
3.5690000000e+03 6.3599000000e-04
3.5700000000e+03 6.5477700000e-04
3.5710000000e+03 6.7367700000e-04
3.5720000000e+03 6.9267100000e-04
3.5730000000e+03 7.1175500000e-04
3.5740000000e+03 7.3093100000e-04
3.5750000000e+03 7.5019800000e-04
3.5760000000e+03 7.6956100000e-04
3.5770000000e+03 7.8901400000e-04
3.5780000000e+03 8.0856200000e-04
3.5790000000e+03 8.2820000000e-04
3.5800000000e+03 8.4793300000e-04
3.5810000000e+03 9.0338700000e-04
3.5820000000e+03 9.5911500000e-04
3.5830000000e+03 1.0151100000e-03
3.5840000000e+03 1.0713700000e-03
3.5850000000e+03 1.1279000000e-03
3.5860000000e+03 1.1847000000e-03
3.5870000000e+03 1.2417600000e-03
3.5880000000e+03 1.2991000000e-03
3.5890000000e+03 1.3567000000e-03
3.5900000000e+03 1.4145700000e-03
3.5910000000e+03 1.5376100000e-03
3.5920000000e+03 1.6612500000e-03
3.5930000000e+03 1.7854900000e-03
3.5940000000e+03 1.9103300000e-03
3.5950000000e+03 2.0357700000e-03
3.5960000000e+03 2.1618000000e-03
3.5970000000e+03 2.2884500000e-03
3.5980000000e+03 2.4156900000e-03
3.5990000000e+03 2.5435300000e-03
3.6000000000e+03 2.6719700000e-03
3.6010000000e+03 2.8586100000e-03
3.6020000000e+03 3.0462500000e-03
3.6030000000e+03 3.2349200000e-03
3.6040000000e+03 3.4245600000e-03
3.6050000000e+03 3.6152200000e-03
3.6060000000e+03 3.8068700000e-03
3.6070000000e+03 3.9995400000e-03
3.6080000000e+03 4.1932100000e-03
3.6090000000e+03 4.3878800000e-03
3.6100000000e+03 4.5835500000e-03
3.6110000000e+03 4.7734100000e-03
3.6120000000e+03 4.9642100000e-03
3.6130000000e+03 5.1559700000e-03
3.6140000000e+03 5.3486600000e-03
3.6150000000e+03 5.5423200000e-03
3.6160000000e+03 5.7369300000e-03
3.6170000000e+03 5.9324800000e-03
3.6180000000e+03 6.1289800000e-03
3.6190000000e+03 6.3264500000e-03
3.6200000000e+03 6.5248600000e-03
3.6210000000e+03 6.7383600000e-03
3.6220000000e+03 6.9528600000e-03
3.6230000000e+03 7.1683900000e-03
3.6240000000e+03 7.3848900000e-03
3.6250000000e+03 7.6024200000e-03
3.6260000000e+03 7.8209300000e-03
3.6270000000e+03 8.0404600000e-03
3.6280000000e+03 8.2610000000e-03
3.6290000000e+03 8.4825400000e-03
3.6300000000e+03 8.7050900000e-03
3.6310000000e+03 9.0861500000e-03
3.6320000000e+03 9.4690000000e-03
3.6330000000e+03 9.8536300000e-03
3.6340000000e+03 1.0240100000e-02
3.6350000000e+03 1.0628300000e-02
3.6360000000e+03 1.1018400000e-02
3.6370000000e+03 1.1410200000e-02
3.6380000000e+03 1.1803800000e-02
3.6390000000e+03 1.2199200000e-02
3.6400000000e+03 1.2596500000e-02
3.6410000000e+03 1.3181000000e-02
3.6420000000e+03 1.3768400000e-02
3.6430000000e+03 1.4358700000e-02
3.6440000000e+03 1.4951800000e-02
3.6450000000e+03 1.5547800000e-02
3.6460000000e+03 1.6146700000e-02
3.6470000000e+03 1.6748500000e-02
3.6480000000e+03 1.7353100000e-02
3.6490000000e+03 1.7960600000e-02
3.6500000000e+03 1.8570900000e-02
3.6510000000e+03 1.9059700000e-02
3.6520000000e+03 1.9550700000e-02
3.6530000000e+03 2.0043900000e-02
3.6540000000e+03 2.0539300000e-02
3.6550000000e+03 2.1036900000e-02
3.6560000000e+03 2.1536600000e-02
3.6570000000e+03 2.2038500000e-02
3.6580000000e+03 2.2542700000e-02
3.6590000000e+03 2.3049100000e-02
3.6600000000e+03 2.3557600000e-02
3.6610000000e+03 2.3803200000e-02
3.6620000000e+03 2.4049700000e-02
3.6630000000e+03 2.4297100000e-02
3.6640000000e+03 2.4545400000e-02
3.6650000000e+03 2.4794600000e-02
3.6660000000e+03 2.5044600000e-02
3.6670000000e+03 2.5295700000e-02
3.6680000000e+03 2.5547600000e-02
3.6690000000e+03 2.5800400000e-02
3.6700000000e+03 2.6054000000e-02
3.6710000000e+03 2.6490300000e-02
3.6720000000e+03 2.6928400000e-02
3.6730000000e+03 2.7368200000e-02
3.6740000000e+03 2.7809800000e-02
3.6750000000e+03 2.8253100000e-02
3.6760000000e+03 2.8698200000e-02
3.6770000000e+03 2.9144900000e-02
3.6780000000e+03 2.9593500000e-02
3.6790000000e+03 3.0043900000e-02
3.6800000000e+03 3.0495900000e-02
3.6810000000e+03 3.1214400000e-02
3.6820000000e+03 3.1935900000e-02
3.6830000000e+03 3.2660600000e-02
3.6840000000e+03 3.3388400000e-02
3.6850000000e+03 3.4119300000e-02
3.6860000000e+03 3.4853300000e-02
3.6870000000e+03 3.5590400000e-02
3.6880000000e+03 3.6330600000e-02
3.6890000000e+03 3.7074100000e-02
3.6900000000e+03 3.7820500000e-02
3.6910000000e+03 3.8604100000e-02
3.6920000000e+03 3.9391000000e-02
3.6930000000e+03 4.0180700000e-02
3.6940000000e+03 4.0973800000e-02
3.6950000000e+03 4.1769800000e-02
3.6960000000e+03 4.2568800000e-02
3.6970000000e+03 4.3371000000e-02
3.6980000000e+03 4.4176200000e-02
3.6990000000e+03 4.4984500000e-02
3.7000000000e+03 4.5796100000e-02
3.7010000000e+03 4.6288100000e-02
3.7020000000e+03 4.6782100000e-02
3.7030000000e+03 4.7278100000e-02
3.7040000000e+03 4.7775800000e-02
3.7050000000e+03 4.8275100000e-02
3.7060000000e+03 4.8776600000e-02
3.7070000000e+03 4.9279700000e-02
3.7080000000e+03 4.9784700000e-02
3.7090000000e+03 5.0291400000e-02
3.7100000000e+03 5.0799900000e-02
3.7110000000e+03 5.1374500000e-02
3.7120000000e+03 5.1951100000e-02
3.7130000000e+03 5.2529800000e-02
3.7140000000e+03 5.3110900000e-02
3.7150000000e+03 5.3694200000e-02
3.7160000000e+03 5.4279700000e-02
3.7170000000e+03 5.4867100000e-02
3.7180000000e+03 5.5456900000e-02
3.7190000000e+03 5.6048700000e-02
3.7200000000e+03 5.6643200000e-02
3.7210000000e+03 5.7213500000e-02
3.7220000000e+03 5.7786100000e-02
3.7230000000e+03 5.8360800000e-02
3.7240000000e+03 5.8937600000e-02
3.7250000000e+03 5.9516400000e-02
3.7260000000e+03 6.0097300000e-02
3.7270000000e+03 6.0680200000e-02
3.7280000000e+03 6.1265300000e-02
3.7290000000e+03 6.1852300000e-02
3.7300000000e+03 6.2441500000e-02
3.7310000000e+03 6.3698800000e-02
3.7320000000e+03 6.4961400000e-02
3.7330000000e+03 6.6229500000e-02
3.7340000000e+03 6.7503000000e-02
3.7350000000e+03 6.8782100000e-02
3.7360000000e+03 7.0066300000e-02
3.7370000000e+03 7.1356300000e-02
3.7380000000e+03 7.2651700000e-02
3.7390000000e+03 7.3952600000e-02
3.7400000000e+03 7.5259100000e-02
3.7410000000e+03 7.6278600000e-02
3.7420000000e+03 7.7302200000e-02
3.7430000000e+03 7.8329600000e-02
3.7440000000e+03 7.9361300000e-02
3.7450000000e+03 8.0396600000e-02
3.7460000000e+03 8.1436200000e-02
3.7470000000e+03 8.2479500000e-02
3.7480000000e+03 8.3527100000e-02
3.7490000000e+03 8.4578600000e-02
3.7500000000e+03 8.5633900000e-02
3.7510000000e+03 8.6513900000e-02
3.7520000000e+03 8.7397200000e-02
3.7530000000e+03 8.8283600000e-02
3.7540000000e+03 8.9173700000e-02
3.7550000000e+03 9.0067100000e-02
3.7560000000e+03 9.0963800000e-02
3.7570000000e+03 9.1863600000e-02
3.7580000000e+03 9.2767100000e-02
3.7590000000e+03 9.3673600000e-02
3.7600000000e+03 9.4583900000e-02
3.7610000000e+03 9.5100600000e-02
3.7620000000e+03 9.5618900000e-02
3.7630000000e+03 9.6138900000e-02
3.7640000000e+03 9.6660300000e-02
3.7650000000e+03 9.7183400000e-02
3.7660000000e+03 9.7708100000e-02
3.7670000000e+03 9.8234200000e-02
3.7680000000e+03 9.8761800000e-02
3.7690000000e+03 9.9291200000e-02
3.7700000000e+03 9.9822100000e-02
3.7710000000e+03 1.0059500000e-01
3.7720000000e+03 1.0137000000e-01
3.7730000000e+03 1.0214800000e-01
3.7740000000e+03 1.0292800000e-01
3.7750000000e+03 1.0371100000e-01
3.7760000000e+03 1.0449600000e-01
3.7770000000e+03 1.0528400000e-01
3.7780000000e+03 1.0607500000e-01
3.7790000000e+03 1.0686800000e-01
3.7800000000e+03 1.0766400000e-01
3.7810000000e+03 1.0845500000e-01
3.7820000000e+03 1.0924800000e-01
3.7830000000e+03 1.1004400000e-01
3.7840000000e+03 1.1084400000e-01
3.7850000000e+03 1.1164700000e-01
3.7860000000e+03 1.1245200000e-01
3.7870000000e+03 1.1326100000e-01
3.7880000000e+03 1.1407200000e-01
3.7890000000e+03 1.1488700000e-01
3.7900000000e+03 1.1570500000e-01
3.7910000000e+03 1.1650000000e-01
3.7920000000e+03 1.1729800000e-01
3.7930000000e+03 1.1810000000e-01
3.7940000000e+03 1.1890400000e-01
3.7950000000e+03 1.1971100000e-01
3.7960000000e+03 1.2052100000e-01
3.7970000000e+03 1.2133400000e-01
3.7980000000e+03 1.2215000000e-01
3.7990000000e+03 1.2297000000e-01
3.8000000000e+03 1.2379200000e-01
3.8010000000e+03 1.2389900000e-01
3.8020000000e+03 1.2400600000e-01
3.8030000000e+03 1.2411300000e-01
3.8040000000e+03 1.2421900000e-01
3.8050000000e+03 1.2432600000e-01
3.8060000000e+03 1.2443200000e-01
3.8070000000e+03 1.2453900000e-01
3.8080000000e+03 1.2464500000e-01
3.8090000000e+03 1.2475100000e-01
3.8100000000e+03 1.2485700000e-01
3.8110000000e+03 1.2609900000e-01
3.8120000000e+03 1.2734400000e-01
3.8130000000e+03 1.2859400000e-01
3.8140000000e+03 1.2984700000e-01
3.8150000000e+03 1.3110500000e-01
3.8160000000e+03 1.3236600000e-01
3.8170000000e+03 1.3363200000e-01
3.8180000000e+03 1.3490100000e-01
3.8190000000e+03 1.3617500000e-01
3.8200000000e+03 1.3745200000e-01
3.8210000000e+03 1.3797100000e-01
3.8220000000e+03 1.3849200000e-01
3.8230000000e+03 1.3901300000e-01
3.8240000000e+03 1.3953600000e-01
3.8250000000e+03 1.4006000000e-01
3.8260000000e+03 1.4058500000e-01
3.8270000000e+03 1.4111200000e-01
3.8280000000e+03 1.4164000000e-01
3.8290000000e+03 1.4217000000e-01
3.8300000000e+03 1.4270000000e-01
3.8310000000e+03 1.4392600000e-01
3.8320000000e+03 1.4515600000e-01
3.8330000000e+03 1.4639000000e-01
3.8340000000e+03 1.4762800000e-01
3.8350000000e+03 1.4887100000e-01
3.8360000000e+03 1.5011800000e-01
3.8370000000e+03 1.5137000000e-01
3.8380000000e+03 1.5262600000e-01
3.8390000000e+03 1.5388600000e-01
3.8400000000e+03 1.5515000000e-01
3.8410000000e+03 1.5575100000e-01
3.8420000000e+03 1.5635400000e-01
3.8430000000e+03 1.5695800000e-01
3.8440000000e+03 1.5756400000e-01
3.8450000000e+03 1.5817100000e-01
3.8460000000e+03 1.5878000000e-01
3.8470000000e+03 1.5939100000e-01
3.8480000000e+03 1.6000300000e-01
3.8490000000e+03 1.6061700000e-01
3.8500000000e+03 1.6123200000e-01
3.8510000000e+03 1.6210600000e-01
3.8520000000e+03 1.6298200000e-01
3.8530000000e+03 1.6386000000e-01
3.8540000000e+03 1.6474200000e-01
3.8550000000e+03 1.6562600000e-01
3.8560000000e+03 1.6651300000e-01
3.8570000000e+03 1.6740300000e-01
3.8580000000e+03 1.6829600000e-01
3.8590000000e+03 1.6919200000e-01
3.8600000000e+03 1.7009000000e-01
3.8610000000e+03 1.7058100000e-01
3.8620000000e+03 1.7107300000e-01
3.8630000000e+03 1.7156500000e-01
3.8640000000e+03 1.7205900000e-01
3.8650000000e+03 1.7255400000e-01
3.8660000000e+03 1.7305000000e-01
3.8670000000e+03 1.7354600000e-01
3.8680000000e+03 1.7404400000e-01
3.8690000000e+03 1.7454300000e-01
3.8700000000e+03 1.7504300000e-01
3.8710000000e+03 1.7576700000e-01
3.8720000000e+03 1.7649200000e-01
3.8730000000e+03 1.7722000000e-01
3.8740000000e+03 1.7794900000e-01
3.8750000000e+03 1.7868100000e-01
3.8760000000e+03 1.7941400000e-01
3.8770000000e+03 1.8015000000e-01
3.8780000000e+03 1.8088800000e-01
3.8790000000e+03 1.8162800000e-01
3.8800000000e+03 1.8237000000e-01
3.8810000000e+03 1.8276300000e-01
3.8820000000e+03 1.8315600000e-01
3.8830000000e+03 1.8355000000e-01
3.8840000000e+03 1.8394500000e-01
3.8850000000e+03 1.8434000000e-01
3.8860000000e+03 1.8473500000e-01
3.8870000000e+03 1.8513200000e-01
3.8880000000e+03 1.8552800000e-01
3.8890000000e+03 1.8592500000e-01
3.8900000000e+03 1.8632300000e-01
3.8910000000e+03 1.8737800000e-01
3.8920000000e+03 1.8843600000e-01
3.8930000000e+03 1.8949800000e-01
3.8940000000e+03 1.9056300000e-01
3.8950000000e+03 1.9163100000e-01
3.8960000000e+03 1.9270300000e-01
3.8970000000e+03 1.9377800000e-01
3.8980000000e+03 1.9485700000e-01
3.8990000000e+03 1.9593900000e-01
3.9000000000e+03 1.9702400000e-01
3.9010000000e+03 1.9749900000e-01
3.9020000000e+03 1.9797400000e-01
3.9030000000e+03 1.9845100000e-01
3.9040000000e+03 1.9892800000e-01
3.9050000000e+03 1.9940600000e-01
3.9060000000e+03 1.9988400000e-01
3.9070000000e+03 2.0036400000e-01
3.9080000000e+03 2.0084400000e-01
3.9090000000e+03 2.0132500000e-01
3.9100000000e+03 2.0180700000e-01
3.9110000000e+03 2.0296900000e-01
3.9120000000e+03 2.0413500000e-01
3.9130000000e+03 2.0530400000e-01
3.9140000000e+03 2.0647800000e-01
3.9150000000e+03 2.0765400000e-01
3.9160000000e+03 2.0883500000e-01
3.9170000000e+03 2.1001900000e-01
3.9180000000e+03 2.1120800000e-01
3.9190000000e+03 2.1239900000e-01
3.9200000000e+03 2.1359500000e-01
3.9210000000e+03 2.1445600000e-01
3.9220000000e+03 2.1532000000e-01
3.9230000000e+03 2.1618600000e-01
3.9240000000e+03 2.1705400000e-01
3.9250000000e+03 2.1792500000e-01
3.9260000000e+03 2.1879800000e-01
3.9270000000e+03 2.1967300000e-01
3.9280000000e+03 2.2055100000e-01
3.9290000000e+03 2.2143100000e-01
3.9300000000e+03 2.2231500000e-01
3.9310000000e+03 2.2303000000e-01
3.9320000000e+03 2.2374700000e-01
3.9330000000e+03 2.2446600000e-01
3.9340000000e+03 2.2518700000e-01
3.9350000000e+03 2.2590900000e-01
3.9360000000e+03 2.2663300000e-01
3.9370000000e+03 2.2735800000e-01
3.9380000000e+03 2.2808600000e-01
3.9390000000e+03 2.2881500000e-01
3.9400000000e+03 2.2954500000e-01
3.9410000000e+03 2.3016300000e-01
3.9420000000e+03 2.3078200000e-01
3.9430000000e+03 2.3140200000e-01
3.9440000000e+03 2.3202300000e-01
3.9450000000e+03 2.3264600000e-01
3.9460000000e+03 2.3327000000e-01
3.9470000000e+03 2.3389500000e-01
3.9480000000e+03 2.3452200000e-01
3.9490000000e+03 2.3515000000e-01
3.9500000000e+03 2.3577800000e-01
3.9510000000e+03 2.3633300000e-01
3.9520000000e+03 2.3689000000e-01
3.9530000000e+03 2.3744700000e-01
3.9540000000e+03 2.3800500000e-01
3.9550000000e+03 2.3856400000e-01
3.9560000000e+03 2.3912500000e-01
3.9570000000e+03 2.3968600000e-01
3.9580000000e+03 2.4024800000e-01
3.9590000000e+03 2.4081100000e-01
3.9600000000e+03 2.4137500000e-01
3.9610000000e+03 2.4166200000e-01
3.9620000000e+03 2.4194900000e-01
3.9630000000e+03 2.4223700000e-01
3.9640000000e+03 2.4252300000e-01
3.9650000000e+03 2.4281000000e-01
3.9660000000e+03 2.4309700000e-01
3.9670000000e+03 2.4338300000e-01
3.9680000000e+03 2.4366900000e-01
3.9690000000e+03 2.4395600000e-01
3.9700000000e+03 2.4424200000e-01
3.9710000000e+03 2.4463900000e-01
3.9720000000e+03 2.4503600000e-01
3.9730000000e+03 2.4543400000e-01
3.9740000000e+03 2.4583200000e-01
3.9750000000e+03 2.4623000000e-01
3.9760000000e+03 2.4662900000e-01
3.9770000000e+03 2.4702900000e-01
3.9780000000e+03 2.4742900000e-01
3.9790000000e+03 2.4782800000e-01
3.9800000000e+03 2.4822900000e-01
3.9810000000e+03 2.4855400000e-01
3.9820000000e+03 2.4887900000e-01
3.9830000000e+03 2.4920400000e-01
3.9840000000e+03 2.4952900000e-01
3.9850000000e+03 2.4985300000e-01
3.9860000000e+03 2.5017900000e-01
3.9870000000e+03 2.5050300000e-01
3.9880000000e+03 2.5082800000e-01
3.9890000000e+03 2.5115300000e-01
3.9900000000e+03 2.5147800000e-01
3.9910000000e+03 2.5191300000e-01
3.9920000000e+03 2.5235000000e-01
3.9930000000e+03 2.5278600000e-01
3.9940000000e+03 2.5322300000e-01
3.9950000000e+03 2.5366100000e-01
3.9960000000e+03 2.5410000000e-01
3.9970000000e+03 2.5453800000e-01
3.9980000000e+03 2.5497800000e-01
3.9990000000e+03 2.5541700000e-01
4.0000000000e+03 2.5585700000e-01
4.0010000000e+03 2.5584700000e-01
4.0020000000e+03 2.5583600000e-01
4.0030000000e+03 2.5582600000e-01
4.0040000000e+03 2.5581500000e-01
4.0050000000e+03 2.5580300000e-01
4.0060000000e+03 2.5579000000e-01
4.0070000000e+03 2.5577800000e-01
4.0080000000e+03 2.5576500000e-01
4.0090000000e+03 2.5575200000e-01
4.0100000000e+03 2.5573900000e-01
4.0110000000e+03 2.5672100000e-01
4.0120000000e+03 2.5770600000e-01
4.0130000000e+03 2.5869300000e-01
4.0140000000e+03 2.5968100000e-01
4.0150000000e+03 2.6067100000e-01
4.0160000000e+03 2.6166200000e-01
4.0170000000e+03 2.6265500000e-01
4.0180000000e+03 2.6364900000e-01
4.0190000000e+03 2.6464500000e-01
4.0200000000e+03 2.6564300000e-01
4.0210000000e+03 2.6566500000e-01
4.0220000000e+03 2.6568700000e-01
4.0230000000e+03 2.6570800000e-01
4.0240000000e+03 2.6573000000e-01
4.0250000000e+03 2.6575100000e-01
4.0260000000e+03 2.6577100000e-01
4.0270000000e+03 2.6579100000e-01
4.0280000000e+03 2.6581000000e-01
4.0290000000e+03 2.6583000000e-01
4.0300000000e+03 2.6584900000e-01
4.0310000000e+03 2.6687800000e-01
4.0320000000e+03 2.6791000000e-01
4.0330000000e+03 2.6894300000e-01
4.0340000000e+03 2.6997800000e-01
4.0350000000e+03 2.7101400000e-01
4.0360000000e+03 2.7205300000e-01
4.0370000000e+03 2.7309200000e-01
4.0380000000e+03 2.7413400000e-01
4.0390000000e+03 2.7517700000e-01
4.0400000000e+03 2.7622200000e-01
4.0410000000e+03 2.7595600000e-01
4.0420000000e+03 2.7569000000e-01
4.0430000000e+03 2.7542300000e-01
4.0440000000e+03 2.7515600000e-01
4.0450000000e+03 2.7488800000e-01
4.0460000000e+03 2.7461800000e-01
4.0470000000e+03 2.7434800000e-01
4.0480000000e+03 2.7407800000e-01
4.0490000000e+03 2.7380700000e-01
4.0500000000e+03 2.7353500000e-01
4.0510000000e+03 2.7463500000e-01
4.0520000000e+03 2.7573500000e-01
4.0530000000e+03 2.7683700000e-01
4.0540000000e+03 2.7794000000e-01
4.0550000000e+03 2.7904500000e-01
4.0560000000e+03 2.8015200000e-01
4.0570000000e+03 2.8125900000e-01
4.0580000000e+03 2.8236900000e-01
4.0590000000e+03 2.8347900000e-01
4.0600000000e+03 2.8459100000e-01
4.0610000000e+03 2.8455600000e-01
4.0620000000e+03 2.8451900000e-01
4.0630000000e+03 2.8448300000e-01
4.0640000000e+03 2.8444600000e-01
4.0650000000e+03 2.8440900000e-01
4.0660000000e+03 2.8437200000e-01
4.0670000000e+03 2.8433400000e-01
4.0680000000e+03 2.8429600000e-01
4.0690000000e+03 2.8425800000e-01
4.0700000000e+03 2.8421900000e-01
4.0710000000e+03 2.8475400000e-01
4.0720000000e+03 2.8528900000e-01
4.0730000000e+03 2.8582400000e-01
4.0740000000e+03 2.8636000000e-01
4.0750000000e+03 2.8689700000e-01
4.0760000000e+03 2.8743600000e-01
4.0770000000e+03 2.8797400000e-01
4.0780000000e+03 2.8851300000e-01
4.0790000000e+03 2.8905200000e-01
4.0800000000e+03 2.8959300000e-01
4.0810000000e+03 2.8884600000e-01
4.0820000000e+03 2.8809800000e-01
4.0830000000e+03 2.8734800000e-01
4.0840000000e+03 2.8659700000e-01
4.0850000000e+03 2.8584500000e-01
4.0860000000e+03 2.8509100000e-01
4.0870000000e+03 2.8433600000e-01
4.0880000000e+03 2.8358000000e-01
4.0890000000e+03 2.8282200000e-01
4.0900000000e+03 2.8206300000e-01
4.0910000000e+03 2.8302100000e-01
4.0920000000e+03 2.8398000000e-01
4.0930000000e+03 2.8494100000e-01
4.0940000000e+03 2.8590300000e-01
4.0950000000e+03 2.8686600000e-01
4.0960000000e+03 2.8783000000e-01
4.0970000000e+03 2.8879600000e-01
4.0980000000e+03 2.8976300000e-01
4.0990000000e+03 2.9073100000e-01
4.1000000000e+03 2.9170000000e-01
4.1010000000e+03 2.9096500000e-01
4.1020000000e+03 2.9022900000e-01
4.1030000000e+03 2.8949200000e-01
4.1040000000e+03 2.8875300000e-01
4.1050000000e+03 2.8801400000e-01
4.1060000000e+03 2.8727300000e-01
4.1070000000e+03 2.8653200000e-01
4.1080000000e+03 2.8579000000e-01
4.1090000000e+03 2.8504700000e-01
4.1100000000e+03 2.8430200000e-01
4.1110000000e+03 2.8489100000e-01
4.1120000000e+03 2.8548200000e-01
4.1130000000e+03 2.8607400000e-01
4.1140000000e+03 2.8666600000e-01
4.1150000000e+03 2.8725800000e-01
4.1160000000e+03 2.8785100000e-01
4.1170000000e+03 2.8844500000e-01
4.1180000000e+03 2.8903900000e-01
4.1190000000e+03 2.8963500000e-01
4.1200000000e+03 2.9023100000e-01
4.1210000000e+03 2.9003200000e-01
4.1220000000e+03 2.8983300000e-01
4.1230000000e+03 2.8963300000e-01
4.1240000000e+03 2.8943300000e-01
4.1250000000e+03 2.8923200000e-01
4.1260000000e+03 2.8903100000e-01
4.1270000000e+03 2.8883100000e-01
4.1280000000e+03 2.8862900000e-01
4.1290000000e+03 2.8842800000e-01
4.1300000000e+03 2.8822600000e-01
4.1310000000e+03 2.8937400000e-01
4.1320000000e+03 2.9052500000e-01
4.1330000000e+03 2.9167600000e-01
4.1340000000e+03 2.9282900000e-01
4.1350000000e+03 2.9398100000e-01
4.1360000000e+03 2.9513600000e-01
4.1370000000e+03 2.9629200000e-01
4.1380000000e+03 2.9744900000e-01
4.1390000000e+03 2.9860700000e-01
4.1400000000e+03 2.9976700000e-01
4.1410000000e+03 2.9942800000e-01
4.1420000000e+03 2.9909000000e-01
4.1430000000e+03 2.9875000000e-01
4.1440000000e+03 2.9840800000e-01
4.1450000000e+03 2.9806700000e-01
4.1460000000e+03 2.9772400000e-01
4.1470000000e+03 2.9738100000e-01
4.1480000000e+03 2.9703700000e-01
4.1490000000e+03 2.9669100000e-01
4.1500000000e+03 2.9634500000e-01
4.1510000000e+03 2.9694100000e-01
4.1520000000e+03 2.9753700000e-01
4.1530000000e+03 2.9813400000e-01
4.1540000000e+03 2.9873000000e-01
4.1550000000e+03 2.9932800000e-01
4.1560000000e+03 2.9992600000e-01
4.1570000000e+03 3.0052400000e-01
4.1580000000e+03 3.0112400000e-01
4.1590000000e+03 3.0172200000e-01
4.1600000000e+03 3.0232100000e-01
4.1610000000e+03 3.0194400000e-01
4.1620000000e+03 3.0156600000e-01
4.1630000000e+03 3.0118600000e-01
4.1640000000e+03 3.0080700000e-01
4.1650000000e+03 3.0042700000e-01
4.1660000000e+03 3.0004600000e-01
4.1670000000e+03 2.9966600000e-01
4.1680000000e+03 2.9928400000e-01
4.1690000000e+03 2.9890100000e-01
4.1700000000e+03 2.9851900000e-01
4.1710000000e+03 2.9941100000e-01
4.1720000000e+03 3.0030600000e-01
4.1730000000e+03 3.0120000000e-01
4.1740000000e+03 3.0209500000e-01
4.1750000000e+03 3.0299100000e-01
4.1760000000e+03 3.0388900000e-01
4.1770000000e+03 3.0478700000e-01
4.1780000000e+03 3.0568600000e-01
4.1790000000e+03 3.0658600000e-01
4.1800000000e+03 3.0748600000e-01
4.1810000000e+03 3.0712100000e-01
4.1820000000e+03 3.0675500000e-01
4.1830000000e+03 3.0638800000e-01
4.1840000000e+03 3.0602100000e-01
4.1850000000e+03 3.0565300000e-01
4.1860000000e+03 3.0528500000e-01
4.1870000000e+03 3.0491600000e-01
4.1880000000e+03 3.0454600000e-01
4.1890000000e+03 3.0417700000e-01
4.1900000000e+03 3.0380500000e-01
4.1910000000e+03 3.0447100000e-01
4.1920000000e+03 3.0513700000e-01
4.1930000000e+03 3.0580300000e-01
4.1940000000e+03 3.0647000000e-01
4.1950000000e+03 3.0713600000e-01
4.1960000000e+03 3.0780400000e-01
4.1970000000e+03 3.0847100000e-01
4.1980000000e+03 3.0913900000e-01
4.1990000000e+03 3.0980700000e-01
4.2000000000e+03 3.1047600000e-01
4.2010000000e+03 3.1028000000e-01
4.2020000000e+03 3.1008300000e-01
4.2030000000e+03 3.0988700000e-01
4.2040000000e+03 3.0969000000e-01
4.2050000000e+03 3.0949400000e-01
4.2060000000e+03 3.0929600000e-01
4.2070000000e+03 3.0910000000e-01
4.2080000000e+03 3.0890200000e-01
4.2090000000e+03 3.0870500000e-01
4.2100000000e+03 3.0850700000e-01
4.2110000000e+03 3.0993500000e-01
4.2120000000e+03 3.1136400000e-01
4.2130000000e+03 3.1279500000e-01
4.2140000000e+03 3.1422700000e-01
4.2150000000e+03 3.1565900000e-01
4.2160000000e+03 3.1709100000e-01
4.2170000000e+03 3.1852600000e-01
4.2180000000e+03 3.1996000000e-01
4.2190000000e+03 3.2139700000e-01
4.2200000000e+03 3.2283400000e-01
4.2210000000e+03 3.2215500000e-01
4.2220000000e+03 3.2147600000e-01
4.2230000000e+03 3.2079700000e-01
4.2240000000e+03 3.2011700000e-01
4.2250000000e+03 3.1943700000e-01
4.2260000000e+03 3.1875600000e-01
4.2270000000e+03 3.1807500000e-01
4.2280000000e+03 3.1739400000e-01
4.2290000000e+03 3.1671200000e-01
4.2300000000e+03 3.1602900000e-01
4.2310000000e+03 3.1773000000e-01
4.2320000000e+03 3.1943200000e-01
4.2330000000e+03 3.2113400000e-01
4.2340000000e+03 3.2283600000e-01
4.2350000000e+03 3.2453900000e-01
4.2360000000e+03 3.2624300000e-01
4.2370000000e+03 3.2794800000e-01
4.2380000000e+03 3.2965300000e-01
4.2390000000e+03 3.3136000000e-01
4.2400000000e+03 3.3306700000e-01
4.2410000000e+03 3.3180200000e-01
4.2420000000e+03 3.3053700000e-01
4.2430000000e+03 3.2927200000e-01
4.2440000000e+03 3.2800700000e-01
4.2450000000e+03 3.2674100000e-01
4.2460000000e+03 3.2547500000e-01
4.2470000000e+03 3.2420800000e-01
4.2480000000e+03 3.2294100000e-01
4.2490000000e+03 3.2167300000e-01
4.2500000000e+03 3.2040600000e-01
4.2510000000e+03 3.2179800000e-01
4.2520000000e+03 3.2318900000e-01
4.2530000000e+03 3.2458100000e-01
4.2540000000e+03 3.2597400000e-01
4.2550000000e+03 3.2736700000e-01
4.2560000000e+03 3.2876100000e-01
4.2570000000e+03 3.3015600000e-01
4.2580000000e+03 3.3155100000e-01
4.2590000000e+03 3.3294700000e-01
4.2600000000e+03 3.3434200000e-01
4.2610000000e+03 3.3293000000e-01
4.2620000000e+03 3.3151700000e-01
4.2630000000e+03 3.3010200000e-01
4.2640000000e+03 3.2868600000e-01
4.2650000000e+03 3.2727100000e-01
4.2660000000e+03 3.2585400000e-01
4.2670000000e+03 3.2443700000e-01
4.2680000000e+03 3.2301800000e-01
4.2690000000e+03 3.2159900000e-01
4.2700000000e+03 3.2017900000e-01
4.2710000000e+03 3.2137600000e-01
4.2720000000e+03 3.2257300000e-01
4.2730000000e+03 3.2377100000e-01
4.2740000000e+03 3.2496800000e-01
4.2750000000e+03 3.2616600000e-01
4.2760000000e+03 3.2736400000e-01
4.2770000000e+03 3.2856300000e-01
4.2780000000e+03 3.2976200000e-01
4.2790000000e+03 3.3096300000e-01
4.2800000000e+03 3.3216200000e-01
4.2810000000e+03 3.3117300000e-01
4.2820000000e+03 3.3018400000e-01
4.2830000000e+03 3.2919400000e-01
4.2840000000e+03 3.2820500000e-01
4.2850000000e+03 3.2721500000e-01
4.2860000000e+03 3.2622600000e-01
4.2870000000e+03 3.2523600000e-01
4.2880000000e+03 3.2424500000e-01
4.2890000000e+03 3.2325500000e-01
4.2900000000e+03 3.2226400000e-01
4.2910000000e+03 3.2234500000e-01
4.2920000000e+03 3.2242600000e-01
4.2930000000e+03 3.2250600000e-01
4.2940000000e+03 3.2258600000e-01
4.2950000000e+03 3.2266700000e-01
4.2960000000e+03 3.2274800000e-01
4.2970000000e+03 3.2282800000e-01
4.2980000000e+03 3.2290900000e-01
4.2990000000e+03 3.2299100000e-01
4.3000000000e+03 3.2307100000e-01
4.3010000000e+03 3.2194100000e-01
4.3020000000e+03 3.2081200000e-01
4.3030000000e+03 3.1968100000e-01
4.3040000000e+03 3.1855100000e-01
4.3050000000e+03 3.1742000000e-01
4.3060000000e+03 3.1628900000e-01
4.3070000000e+03 3.1515800000e-01
4.3080000000e+03 3.1402800000e-01
4.3090000000e+03 3.1289600000e-01
4.3100000000e+03 3.1176500000e-01
4.3110000000e+03 3.1310900000e-01
4.3120000000e+03 3.1445500000e-01
4.3130000000e+03 3.1580300000e-01
4.3140000000e+03 3.1715000000e-01
4.3150000000e+03 3.1849900000e-01
4.3160000000e+03 3.1984800000e-01
4.3170000000e+03 3.2119700000e-01
4.3180000000e+03 3.2254800000e-01
4.3190000000e+03 3.2389900000e-01
4.3200000000e+03 3.2525000000e-01
4.3210000000e+03 3.2512400000e-01
4.3220000000e+03 3.2499600000e-01
4.3230000000e+03 3.2486900000e-01
4.3240000000e+03 3.2474200000e-01
4.3250000000e+03 3.2461500000e-01
4.3260000000e+03 3.2448700000e-01
4.3270000000e+03 3.2436000000e-01
4.3280000000e+03 3.2423200000e-01
4.3290000000e+03 3.2410600000e-01
4.3300000000e+03 3.2397800000e-01
4.3310000000e+03 3.2476800000e-01
4.3320000000e+03 3.2556000000e-01
4.3330000000e+03 3.2635100000e-01
4.3340000000e+03 3.2714200000e-01
4.3350000000e+03 3.2793400000e-01
4.3360000000e+03 3.2872500000e-01
4.3370000000e+03 3.2951600000e-01
4.3380000000e+03 3.3030700000e-01
4.3390000000e+03 3.3109900000e-01
4.3400000000e+03 3.3189100000e-01
4.3410000000e+03 3.3107600000e-01
4.3420000000e+03 3.3026000000e-01
4.3430000000e+03 3.2944400000e-01
4.3440000000e+03 3.2862800000e-01
4.3450000000e+03 3.2781200000e-01
4.3460000000e+03 3.2699500000e-01
4.3470000000e+03 3.2617800000e-01
4.3480000000e+03 3.2536100000e-01
4.3490000000e+03 3.2454400000e-01
4.3500000000e+03 3.2372600000e-01
4.3510000000e+03 3.2508600000e-01
4.3520000000e+03 3.2644500000e-01
4.3530000000e+03 3.2780400000e-01
4.3540000000e+03 3.2916500000e-01
4.3550000000e+03 3.3052400000e-01
4.3560000000e+03 3.3188400000e-01
4.3570000000e+03 3.3324400000e-01
4.3580000000e+03 3.3460400000e-01
4.3590000000e+03 3.3596500000e-01
4.3600000000e+03 3.3732400000e-01
4.3610000000e+03 3.3711800000e-01
4.3620000000e+03 3.3690900000e-01
4.3630000000e+03 3.3670200000e-01
4.3640000000e+03 3.3649400000e-01
4.3650000000e+03 3.3628700000e-01
4.3660000000e+03 3.3607900000e-01
4.3670000000e+03 3.3587200000e-01
4.3680000000e+03 3.3566400000e-01
4.3690000000e+03 3.3545600000e-01
4.3700000000e+03 3.3524900000e-01
4.3710000000e+03 3.3595100000e-01
4.3720000000e+03 3.3665300000e-01
4.3730000000e+03 3.3735600000e-01
4.3740000000e+03 3.3805800000e-01
4.3750000000e+03 3.3876100000e-01
4.3760000000e+03 3.3946500000e-01
4.3770000000e+03 3.4016700000e-01
4.3780000000e+03 3.4087100000e-01
4.3790000000e+03 3.4157500000e-01
4.3800000000e+03 3.4227800000e-01
4.3810000000e+03 3.4170100000e-01
4.3820000000e+03 3.4112400000e-01
4.3830000000e+03 3.4054700000e-01
4.3840000000e+03 3.3997000000e-01
4.3850000000e+03 3.3939300000e-01
4.3860000000e+03 3.3881600000e-01
4.3870000000e+03 3.3823900000e-01
4.3880000000e+03 3.3766200000e-01
4.3890000000e+03 3.3708500000e-01
4.3900000000e+03 3.3650800000e-01
4.3910000000e+03 3.3748200000e-01
4.3920000000e+03 3.3845700000e-01
4.3930000000e+03 3.3943100000e-01
4.3940000000e+03 3.4040500000e-01
4.3950000000e+03 3.4138000000e-01
4.3960000000e+03 3.4235500000e-01
4.3970000000e+03 3.4332900000e-01
4.3980000000e+03 3.4430400000e-01
4.3990000000e+03 3.4527800000e-01
4.4000000000e+03 3.4625200000e-01
4.4010000000e+03 3.4620600000e-01
4.4020000000e+03 3.4615900000e-01
4.4030000000e+03 3.4611300000e-01
4.4040000000e+03 3.4606700000e-01
4.4050000000e+03 3.4602100000e-01
4.4060000000e+03 3.4597400000e-01
4.4070000000e+03 3.4592700000e-01
4.4080000000e+03 3.4588200000e-01
4.4090000000e+03 3.4583600000e-01
4.4100000000e+03 3.4579000000e-01
4.4110000000e+03 3.4607800000e-01
4.4120000000e+03 3.4636700000e-01
4.4130000000e+03 3.4665700000e-01
4.4140000000e+03 3.4694600000e-01
4.4150000000e+03 3.4723500000e-01
4.4160000000e+03 3.4752400000e-01
4.4170000000e+03 3.4781300000e-01
4.4180000000e+03 3.4810200000e-01
4.4190000000e+03 3.4839200000e-01
4.4200000000e+03 3.4868100000e-01
4.4210000000e+03 3.4750400000e-01
4.4220000000e+03 3.4632700000e-01
4.4230000000e+03 3.4515100000e-01
4.4240000000e+03 3.4397500000e-01
4.4250000000e+03 3.4279900000e-01
4.4260000000e+03 3.4162300000e-01
4.4270000000e+03 3.4044800000e-01
4.4280000000e+03 3.3927300000e-01
4.4290000000e+03 3.3809800000e-01
4.4300000000e+03 3.3692300000e-01
4.4310000000e+03 3.3736000000e-01
4.4320000000e+03 3.3779800000e-01
4.4330000000e+03 3.3823500000e-01
4.4340000000e+03 3.3867200000e-01
4.4350000000e+03 3.3910900000e-01
4.4360000000e+03 3.3954500000e-01
4.4370000000e+03 3.3998200000e-01
4.4380000000e+03 3.4042000000e-01
4.4390000000e+03 3.4085600000e-01
4.4400000000e+03 3.4129200000e-01
4.4410000000e+03 3.4042100000e-01
4.4420000000e+03 3.3955000000e-01
4.4430000000e+03 3.3867700000e-01
4.4440000000e+03 3.3780400000e-01
4.4450000000e+03 3.3693100000e-01
4.4460000000e+03 3.3605900000e-01
4.4470000000e+03 3.3518600000e-01
4.4480000000e+03 3.3431200000e-01
4.4490000000e+03 3.3343800000e-01
4.4500000000e+03 3.3256500000e-01
4.4510000000e+03 3.3330500000e-01
4.4520000000e+03 3.3404400000e-01
4.4530000000e+03 3.3478400000e-01
4.4540000000e+03 3.3552400000e-01
4.4550000000e+03 3.3626300000e-01
4.4560000000e+03 3.3700200000e-01
4.4570000000e+03 3.3774100000e-01
4.4580000000e+03 3.3847900000e-01
4.4590000000e+03 3.3921800000e-01
4.4600000000e+03 3.3995600000e-01
4.4610000000e+03 3.3951200000e-01
4.4620000000e+03 3.3906600000e-01
4.4630000000e+03 3.3862200000e-01
4.4640000000e+03 3.3817700000e-01
4.4650000000e+03 3.3773200000e-01
4.4660000000e+03 3.3728600000e-01
4.4670000000e+03 3.3684100000e-01
4.4680000000e+03 3.3639500000e-01
4.4690000000e+03 3.3595000000e-01
4.4700000000e+03 3.3550400000e-01
4.4710000000e+03 3.3618600000e-01
4.4720000000e+03 3.3686800000e-01
4.4730000000e+03 3.3754900000e-01
4.4740000000e+03 3.3823100000e-01
4.4750000000e+03 3.3891300000e-01
4.4760000000e+03 3.3959400000e-01
4.4770000000e+03 3.4027500000e-01
4.4780000000e+03 3.4095700000e-01
4.4790000000e+03 3.4163700000e-01
4.4800000000e+03 3.4231900000e-01
4.4810000000e+03 3.4204800000e-01
4.4820000000e+03 3.4177800000e-01
4.4830000000e+03 3.4150800000e-01
4.4840000000e+03 3.4123700000e-01
4.4850000000e+03 3.4096600000e-01
4.4860000000e+03 3.4069600000e-01
4.4870000000e+03 3.4042500000e-01
4.4880000000e+03 3.4015500000e-01
4.4890000000e+03 3.3988400000e-01
4.4900000000e+03 3.3961400000e-01
4.4910000000e+03 3.4022200000e-01
4.4920000000e+03 3.4083100000e-01
4.4930000000e+03 3.4143800000e-01
4.4940000000e+03 3.4204700000e-01
4.4950000000e+03 3.4265400000e-01
4.4960000000e+03 3.4326300000e-01
4.4970000000e+03 3.4387000000e-01
4.4980000000e+03 3.4447800000e-01
4.4990000000e+03 3.4508600000e-01
4.5000000000e+03 3.4569200000e-01
4.5010000000e+03 3.4472800000e-01
4.5020000000e+03 3.4376400000e-01
4.5030000000e+03 3.4280000000e-01
4.5040000000e+03 3.4183500000e-01
4.5050000000e+03 3.4087200000e-01
4.5060000000e+03 3.3990800000e-01
4.5070000000e+03 3.3894400000e-01
4.5080000000e+03 3.3798100000e-01
4.5090000000e+03 3.3701800000e-01
4.5100000000e+03 3.3605400000e-01
4.5110000000e+03 3.3660000000e-01
4.5120000000e+03 3.3714600000e-01
4.5130000000e+03 3.3769100000e-01
4.5140000000e+03 3.3823700000e-01
4.5150000000e+03 3.3878200000e-01
4.5160000000e+03 3.3932700000e-01
4.5170000000e+03 3.3987300000e-01
4.5180000000e+03 3.4041700000e-01
4.5190000000e+03 3.4096100000e-01
4.5200000000e+03 3.4150600000e-01
4.5210000000e+03 3.4077900000e-01
4.5220000000e+03 3.4005200000e-01
4.5230000000e+03 3.3932600000e-01
4.5240000000e+03 3.3859900000e-01
4.5250000000e+03 3.3787300000e-01
4.5260000000e+03 3.3714600000e-01
4.5270000000e+03 3.3641900000e-01
4.5280000000e+03 3.3569200000e-01
4.5290000000e+03 3.3496500000e-01
4.5300000000e+03 3.3423800000e-01
4.5310000000e+03 3.3578500000e-01
4.5320000000e+03 3.3733200000e-01
4.5330000000e+03 3.3887800000e-01
4.5340000000e+03 3.4042300000e-01
4.5350000000e+03 3.4196900000e-01
4.5360000000e+03 3.4351400000e-01
4.5370000000e+03 3.4505900000e-01
4.5380000000e+03 3.4660300000e-01
4.5390000000e+03 3.4814700000e-01
4.5400000000e+03 3.4969100000e-01
4.5410000000e+03 3.5033000000e-01
4.5420000000e+03 3.5097000000e-01
4.5430000000e+03 3.5161000000e-01
4.5440000000e+03 3.5224900000e-01
4.5450000000e+03 3.5288800000e-01
4.5460000000e+03 3.5352700000e-01
4.5470000000e+03 3.5416600000e-01
4.5480000000e+03 3.5480500000e-01
4.5490000000e+03 3.5544400000e-01
4.5500000000e+03 3.5608200000e-01
4.5510000000e+03 3.5635300000e-01
4.5520000000e+03 3.5662300000e-01
4.5530000000e+03 3.5689300000e-01
4.5540000000e+03 3.5716300000e-01
4.5550000000e+03 3.5743200000e-01
4.5560000000e+03 3.5770200000e-01
4.5570000000e+03 3.5797200000e-01
4.5580000000e+03 3.5824100000e-01
4.5590000000e+03 3.5851000000e-01
4.5600000000e+03 3.5877900000e-01
4.5610000000e+03 3.5945800000e-01
4.5620000000e+03 3.6013600000e-01
4.5630000000e+03 3.6081500000e-01
4.5640000000e+03 3.6149400000e-01
4.5650000000e+03 3.6217200000e-01
4.5660000000e+03 3.6285000000e-01
4.5670000000e+03 3.6352900000e-01
4.5680000000e+03 3.6420700000e-01
4.5690000000e+03 3.6488500000e-01
4.5700000000e+03 3.6556300000e-01
4.5710000000e+03 3.6514200000e-01
4.5720000000e+03 3.6472100000e-01
4.5730000000e+03 3.6429900000e-01
4.5740000000e+03 3.6387900000e-01
4.5750000000e+03 3.6345700000e-01
4.5760000000e+03 3.6303600000e-01
4.5770000000e+03 3.6261400000e-01
4.5780000000e+03 3.6219300000e-01
4.5790000000e+03 3.6177300000e-01
4.5800000000e+03 3.6135100000e-01
4.5810000000e+03 3.6094700000e-01
4.5820000000e+03 3.6054300000e-01
4.5830000000e+03 3.6014000000e-01
4.5840000000e+03 3.5973600000e-01
4.5850000000e+03 3.5933200000e-01
4.5860000000e+03 3.5892900000e-01
4.5870000000e+03 3.5852500000e-01
4.5880000000e+03 3.5812100000e-01
4.5890000000e+03 3.5771800000e-01
4.5900000000e+03 3.5731400000e-01
4.5910000000e+03 3.5549200000e-01
4.5920000000e+03 3.5367100000e-01
4.5930000000e+03 3.5185000000e-01
4.5940000000e+03 3.5002800000e-01
4.5950000000e+03 3.4820800000e-01
4.5960000000e+03 3.4638600000e-01
4.5970000000e+03 3.4456400000e-01
4.5980000000e+03 3.4274300000e-01
4.5990000000e+03 3.4092100000e-01
4.6000000000e+03 3.3910000000e-01
4.6010000000e+03 3.4023300000e-01
4.6020000000e+03 3.4136600000e-01
4.6030000000e+03 3.4249900000e-01
4.6040000000e+03 3.4363100000e-01
4.6050000000e+03 3.4476300000e-01
4.6060000000e+03 3.4589500000e-01
4.6070000000e+03 3.4702600000e-01
4.6080000000e+03 3.4815800000e-01
4.6090000000e+03 3.4928900000e-01
4.6100000000e+03 3.5042100000e-01
4.6110000000e+03 3.5005400000e-01
4.6120000000e+03 3.4968700000e-01
4.6130000000e+03 3.4932000000e-01
4.6140000000e+03 3.4895300000e-01
4.6150000000e+03 3.4858700000e-01
4.6160000000e+03 3.4822000000e-01
4.6170000000e+03 3.4785300000e-01
4.6180000000e+03 3.4748700000e-01
4.6190000000e+03 3.4712000000e-01
4.6200000000e+03 3.4675400000e-01
4.6210000000e+03 3.4681600000e-01
4.6220000000e+03 3.4687800000e-01
4.6230000000e+03 3.4694100000e-01
4.6240000000e+03 3.4700400000e-01
4.6250000000e+03 3.4706500000e-01
4.6260000000e+03 3.4712800000e-01
4.6270000000e+03 3.4718900000e-01
4.6280000000e+03 3.4725100000e-01
4.6290000000e+03 3.4731400000e-01
4.6300000000e+03 3.4737500000e-01
4.6310000000e+03 3.4727200000e-01
4.6320000000e+03 3.4717000000e-01
4.6330000000e+03 3.4706600000e-01
4.6340000000e+03 3.4696400000e-01
4.6350000000e+03 3.4686100000e-01
4.6360000000e+03 3.4675700000e-01
4.6370000000e+03 3.4665400000e-01
4.6380000000e+03 3.4655100000e-01
4.6390000000e+03 3.4644700000e-01
4.6400000000e+03 3.4634400000e-01
4.6410000000e+03 3.4640000000e-01
4.6420000000e+03 3.4645500000e-01
4.6430000000e+03 3.4651100000e-01
4.6440000000e+03 3.4656600000e-01
4.6450000000e+03 3.4662300000e-01
4.6460000000e+03 3.4667800000e-01
4.6470000000e+03 3.4673300000e-01
4.6480000000e+03 3.4678800000e-01
4.6490000000e+03 3.4684400000e-01
4.6500000000e+03 3.4689900000e-01
4.6510000000e+03 3.4646000000e-01
4.6520000000e+03 3.4602200000e-01
4.6530000000e+03 3.4558400000e-01
4.6540000000e+03 3.4514500000e-01
4.6550000000e+03 3.4470700000e-01
4.6560000000e+03 3.4426800000e-01
4.6570000000e+03 3.4383000000e-01
4.6580000000e+03 3.4339200000e-01
4.6590000000e+03 3.4295400000e-01
4.6600000000e+03 3.4251600000e-01
4.6610000000e+03 3.4268700000e-01
4.6620000000e+03 3.4285700000e-01
4.6630000000e+03 3.4302700000e-01
4.6640000000e+03 3.4319800000e-01
4.6650000000e+03 3.4336900000e-01
4.6660000000e+03 3.4354000000e-01
4.6670000000e+03 3.4371000000e-01
4.6680000000e+03 3.4388000000e-01
4.6690000000e+03 3.4405000000e-01
4.6700000000e+03 3.4422100000e-01
4.6710000000e+03 3.4349400000e-01
4.6720000000e+03 3.4276600000e-01
4.6730000000e+03 3.4203900000e-01
4.6740000000e+03 3.4131100000e-01
4.6750000000e+03 3.4058400000e-01
4.6760000000e+03 3.3985800000e-01
4.6770000000e+03 3.3913000000e-01
4.6780000000e+03 3.3840400000e-01
4.6790000000e+03 3.3767600000e-01
4.6800000000e+03 3.3694900000e-01
4.6810000000e+03 3.3706900000e-01
4.6820000000e+03 3.3719000000e-01
4.6830000000e+03 3.3731100000e-01
4.6840000000e+03 3.3743100000e-01
4.6850000000e+03 3.3755100000e-01
4.6860000000e+03 3.3767100000e-01
4.6870000000e+03 3.3779100000e-01
4.6880000000e+03 3.3791200000e-01
4.6890000000e+03 3.3803100000e-01
4.6900000000e+03 3.3815200000e-01
4.6910000000e+03 3.3775900000e-01
4.6920000000e+03 3.3736600000e-01
4.6930000000e+03 3.3697400000e-01
4.6940000000e+03 3.3658100000e-01
4.6950000000e+03 3.3618900000e-01
4.6960000000e+03 3.3579600000e-01
4.6970000000e+03 3.3540300000e-01
4.6980000000e+03 3.3501100000e-01
4.6990000000e+03 3.3461800000e-01
4.7000000000e+03 3.3422500000e-01
4.7010000000e+03 3.3448400000e-01
4.7020000000e+03 3.3474100000e-01
4.7030000000e+03 3.3499900000e-01
4.7040000000e+03 3.3525800000e-01
4.7050000000e+03 3.3551600000e-01
4.7060000000e+03 3.3577400000e-01
4.7070000000e+03 3.3603200000e-01
4.7080000000e+03 3.3628900000e-01
4.7090000000e+03 3.3654700000e-01
4.7100000000e+03 3.3680400000e-01
4.7110000000e+03 3.3664800000e-01
4.7120000000e+03 3.3649200000e-01
4.7130000000e+03 3.3633500000e-01
4.7140000000e+03 3.3618000000e-01
4.7150000000e+03 3.3602300000e-01
4.7160000000e+03 3.3586700000e-01
4.7170000000e+03 3.3571000000e-01
4.7180000000e+03 3.3555300000e-01
4.7190000000e+03 3.3539600000e-01
4.7200000000e+03 3.3524000000e-01
4.7210000000e+03 3.3458200000e-01
4.7220000000e+03 3.3392400000e-01
4.7230000000e+03 3.3326600000e-01
4.7240000000e+03 3.3260800000e-01
4.7250000000e+03 3.3195000000e-01
4.7260000000e+03 3.3129200000e-01
4.7270000000e+03 3.3063300000e-01
4.7280000000e+03 3.2997400000e-01
4.7290000000e+03 3.2931700000e-01
4.7300000000e+03 3.2865800000e-01
4.7310000000e+03 3.2905600000e-01
4.7320000000e+03 3.2945400000e-01
4.7330000000e+03 3.2985300000e-01
4.7340000000e+03 3.3025100000e-01
4.7350000000e+03 3.3064800000e-01
4.7360000000e+03 3.3104600000e-01
4.7370000000e+03 3.3144400000e-01
4.7380000000e+03 3.3184200000e-01
4.7390000000e+03 3.3224000000e-01
4.7400000000e+03 3.3263700000e-01
4.7410000000e+03 3.3243900000e-01
4.7420000000e+03 3.3224100000e-01
4.7430000000e+03 3.3204200000e-01
4.7440000000e+03 3.3184500000e-01
4.7450000000e+03 3.3164600000e-01
4.7460000000e+03 3.3144800000e-01
4.7470000000e+03 3.3125000000e-01
4.7480000000e+03 3.3105100000e-01
4.7490000000e+03 3.3085300000e-01
4.7500000000e+03 3.3065500000e-01
4.7510000000e+03 3.3100300000e-01
4.7520000000e+03 3.3135200000e-01
4.7530000000e+03 3.3170000000e-01
4.7540000000e+03 3.3204900000e-01
4.7550000000e+03 3.3239700000e-01
4.7560000000e+03 3.3274600000e-01
4.7570000000e+03 3.3309500000e-01
4.7580000000e+03 3.3344300000e-01
4.7590000000e+03 3.3379100000e-01
4.7600000000e+03 3.3414000000e-01
4.7610000000e+03 3.3432500000e-01
4.7620000000e+03 3.3451100000e-01
4.7630000000e+03 3.3469700000e-01
4.7640000000e+03 3.3488200000e-01
4.7650000000e+03 3.3506700000e-01
4.7660000000e+03 3.3525300000e-01
4.7670000000e+03 3.3543800000e-01
4.7680000000e+03 3.3562300000e-01
4.7690000000e+03 3.3580900000e-01
4.7700000000e+03 3.3599400000e-01
4.7710000000e+03 3.3626800000e-01
4.7720000000e+03 3.3654300000e-01
4.7730000000e+03 3.3681700000e-01
4.7740000000e+03 3.3709200000e-01
4.7750000000e+03 3.3736600000e-01
4.7760000000e+03 3.3764200000e-01
4.7770000000e+03 3.3791600000e-01
4.7780000000e+03 3.3819100000e-01
4.7790000000e+03 3.3846600000e-01
4.7800000000e+03 3.3874000000e-01
4.7810000000e+03 3.3732200000e-01
4.7820000000e+03 3.3590300000e-01
4.7830000000e+03 3.3448600000e-01
4.7840000000e+03 3.3306700000e-01
4.7850000000e+03 3.3164900000e-01
4.7860000000e+03 3.3023200000e-01
4.7870000000e+03 3.2881400000e-01
4.7880000000e+03 3.2739700000e-01
4.7890000000e+03 3.2598000000e-01
4.7900000000e+03 3.2456300000e-01
4.7910000000e+03 3.2197300000e-01
4.7920000000e+03 3.1938400000e-01
4.7930000000e+03 3.1679500000e-01
4.7940000000e+03 3.1420600000e-01
4.7950000000e+03 3.1161700000e-01
4.7960000000e+03 3.0902800000e-01
4.7970000000e+03 3.0643900000e-01
4.7980000000e+03 3.0385100000e-01
4.7990000000e+03 3.0126300000e-01
4.8000000000e+03 2.9867500000e-01
4.8010000000e+03 2.9240500000e-01
4.8020000000e+03 2.8613400000e-01
4.8030000000e+03 2.7986400000e-01
4.8040000000e+03 2.7359400000e-01
4.8050000000e+03 2.6732300000e-01
4.8060000000e+03 2.6105200000e-01
4.8070000000e+03 2.5478100000e-01
4.8080000000e+03 2.4851000000e-01
4.8090000000e+03 2.4223800000e-01
4.8100000000e+03 2.3596700000e-01
4.8110000000e+03 2.2946800000e-01
4.8120000000e+03 2.2297000000e-01
4.8130000000e+03 2.1647100000e-01
4.8140000000e+03 2.0997100000e-01
4.8150000000e+03 2.0347200000e-01
4.8160000000e+03 1.9697200000e-01
4.8170000000e+03 1.9047200000e-01
4.8180000000e+03 1.8397200000e-01
4.8190000000e+03 1.7747100000e-01
4.8200000000e+03 1.7096900000e-01
4.8210000000e+03 1.6425800000e-01
4.8220000000e+03 1.5754700000e-01
4.8230000000e+03 1.5083400000e-01
4.8240000000e+03 1.4412100000e-01
4.8250000000e+03 1.3740700000e-01
4.8260000000e+03 1.3069200000e-01
4.8270000000e+03 1.2397700000e-01
4.8280000000e+03 1.1726100000e-01
4.8290000000e+03 1.1054400000e-01
4.8300000000e+03 1.0382600000e-01
4.8310000000e+03 9.8845300000e-02
4.8320000000e+03 9.3863700000e-02
4.8330000000e+03 8.8881500000e-02
4.8340000000e+03 8.3898100000e-02
4.8350000000e+03 7.8914200000e-02
4.8360000000e+03 7.3929400000e-02
4.8370000000e+03 6.8943800000e-02
4.8380000000e+03 6.3957300000e-02
4.8390000000e+03 5.8970200000e-02
4.8400000000e+03 5.3982300000e-02
4.8410000000e+03 5.1230600000e-02
4.8420000000e+03 4.8479100000e-02
4.8430000000e+03 4.5728100000e-02
4.8440000000e+03 4.2977200000e-02
4.8450000000e+03 4.0226500000e-02
4.8460000000e+03 3.7476000000e-02
4.8470000000e+03 3.4725900000e-02
4.8480000000e+03 3.1975900000e-02
4.8490000000e+03 2.9226300000e-02
4.8500000000e+03 2.6476800000e-02
4.8510000000e+03 2.5150400000e-02
4.8520000000e+03 2.3824200000e-02
4.8530000000e+03 2.2498200000e-02
4.8540000000e+03 2.1172300000e-02
4.8550000000e+03 1.9846500000e-02
4.8560000000e+03 1.8520900000e-02
4.8570000000e+03 1.7195500000e-02
4.8580000000e+03 1.5870200000e-02
4.8590000000e+03 1.4545000000e-02
4.8600000000e+03 1.3220000000e-02
4.8610000000e+03 1.2582100000e-02
4.8620000000e+03 1.1944100000e-02
4.8630000000e+03 1.1305900000e-02
4.8640000000e+03 1.0667500000e-02
4.8650000000e+03 1.0029000000e-02
4.8660000000e+03 9.3903200000e-03
4.8670000000e+03 8.7515100000e-03
4.8680000000e+03 8.1125300000e-03
4.8690000000e+03 7.4733900000e-03
4.8700000000e+03 6.8340900000e-03
4.8710000000e+03 6.5341200000e-03
4.8720000000e+03 6.2341500000e-03
4.8730000000e+03 5.9342200000e-03
4.8740000000e+03 5.6343000000e-03
4.8750000000e+03 5.3344000000e-03
4.8760000000e+03 5.0345100000e-03
4.8770000000e+03 4.7346400000e-03
4.8780000000e+03 4.4347800000e-03
4.8790000000e+03 4.1349500000e-03
4.8800000000e+03 3.8351400000e-03
4.8810000000e+03 3.7252100000e-03
4.8820000000e+03 3.6152700000e-03
4.8830000000e+03 3.5053400000e-03
4.8840000000e+03 3.3954100000e-03
4.8850000000e+03 3.2854600000e-03
4.8860000000e+03 3.1755200000e-03
4.8870000000e+03 3.0655800000e-03
4.8880000000e+03 2.9556400000e-03
4.8890000000e+03 2.8456800000e-03
4.8900000000e+03 2.7357400000e-03
4.8910000000e+03 2.6260600000e-03
4.8920000000e+03 2.5163500000e-03
4.8930000000e+03 2.4066300000e-03
4.8940000000e+03 2.2968700000e-03
4.8950000000e+03 2.1871000000e-03
4.8960000000e+03 2.0772900000e-03
4.8970000000e+03 1.9674600000e-03
4.8980000000e+03 1.8576100000e-03
4.8990000000e+03 1.7477300000e-03
4.9000000000e+03 1.6378200000e-03
4.9010000000e+03 1.6066400000e-03
4.9020000000e+03 1.5754600000e-03
4.9030000000e+03 1.5442800000e-03
4.9040000000e+03 1.5131000000e-03
4.9050000000e+03 1.4819200000e-03
4.9060000000e+03 1.4507400000e-03
4.9070000000e+03 1.4195500000e-03
4.9080000000e+03 1.3883700000e-03
4.9090000000e+03 1.3572000000e-03
4.9100000000e+03 1.3260200000e-03
4.9110000000e+03 1.2949500000e-03
4.9120000000e+03 1.2638900000e-03
4.9130000000e+03 1.2328200000e-03
4.9140000000e+03 1.2017400000e-03
4.9150000000e+03 1.1706500000e-03
4.9160000000e+03 1.1395600000e-03
4.9170000000e+03 1.1084700000e-03
4.9180000000e+03 1.0773700000e-03
4.9190000000e+03 1.0462700000e-03
4.9200000000e+03 1.0151600000e-03
4.9210000000e+03 9.8398200000e-04
4.9220000000e+03 9.5280500000e-04
4.9230000000e+03 9.2162700000e-04
4.9240000000e+03 8.9044600000e-04
4.9250000000e+03 8.5926600000e-04
4.9260000000e+03 8.2808300000e-04
4.9270000000e+03 7.9689700000e-04
4.9280000000e+03 7.6571100000e-04
4.9290000000e+03 7.3452500000e-04
4.9300000000e+03 7.0333500000e-04
4.9310000000e+03 6.7219600000e-04
4.9320000000e+03 6.4105000000e-04
4.9330000000e+03 6.0989900000e-04
4.9340000000e+03 5.7874000000e-04
4.9350000000e+03 5.4757500000e-04
4.9360000000e+03 5.1640400000e-04
4.9370000000e+03 4.8522600000e-04
4.9380000000e+03 4.5404200000e-04
4.9390000000e+03 4.2285200000e-04
4.9400000000e+03 3.9165400000e-04
4.9410000000e+03 3.8364500000e-04
4.9420000000e+03 3.7563300000e-04
4.9430000000e+03 3.6761900000e-04
4.9440000000e+03 3.5960200000e-04
4.9450000000e+03 3.5158300000e-04
4.9460000000e+03 3.4356300000e-04
4.9470000000e+03 3.3553900000e-04
4.9480000000e+03 3.2751200000e-04
4.9490000000e+03 3.1948300000e-04
4.9500000000e+03 3.1145200000e-04
4.9510000000e+03 3.0335900000e-04
4.9520000000e+03 2.9526600000e-04
4.9530000000e+03 2.8717300000e-04
4.9540000000e+03 2.7908200000e-04
4.9550000000e+03 2.7099200000e-04
4.9560000000e+03 2.6290200000e-04
4.9570000000e+03 2.5481300000e-04
4.9580000000e+03 2.4672500000e-04
4.9590000000e+03 2.3863800000e-04
4.9600000000e+03 2.3055200000e-04
4.9610000000e+03 2.2250700000e-04
4.9620000000e+03 2.1446000000e-04
4.9630000000e+03 2.0641100000e-04
4.9640000000e+03 1.9836000000e-04
4.9650000000e+03 1.9030700000e-04
4.9660000000e+03 1.8225100000e-04
4.9670000000e+03 1.7419400000e-04
4.9680000000e+03 1.6613400000e-04
4.9690000000e+03 1.5807200000e-04
4.9700000000e+03 1.5000800000e-04
4.9710000000e+03 1.4193900000e-04
4.9720000000e+03 1.3386700000e-04
4.9730000000e+03 1.2579400000e-04
4.9740000000e+03 1.1771900000e-04
4.9750000000e+03 1.0964200000e-04
4.9760000000e+03 1.0156300000e-04
4.9770000000e+03 9.3483600000e-05
4.9780000000e+03 8.5401700000e-05
4.9790000000e+03 7.7318000000e-05
