# photband: HST_WFC3_F110W
# source: SVO Filter Profile Service
# svo_id: HST/WFC3_IR.F110W
# detector_type: 1
# response_type: photon
# components: Filter + CCD + Instrument
# profile_reference: https://www.stsci.edu/hst/instrumentation/wfc3/performance/throughputs
# wavelength_unit: Angstrom
# columns: wavelength transmission
8.6900000000e+03 1.6455700000e-04
8.6923867190e+03 1.8816300000e-04
8.7000000000e+03 2.1435600000e-04
8.7023896480e+03 2.2259100000e-04
8.7100000000e+03 2.1914100000e-04
8.7123925780e+03 2.1805500000e-04
8.7200000000e+03 3.1478300000e-04
8.7223945310e+03 3.4566800000e-04
8.7300000000e+03 4.1141900000e-04
8.7323974610e+03 4.3227400000e-04
8.7400000000e+03 4.4748200000e-04
8.7424003910e+03 4.5231100000e-04
8.7500000000e+03 5.5451000000e-04
8.7524033200e+03 5.8703000000e-04
8.7600000000e+03 7.7691900000e-04
8.7624052730e+03 8.3741500000e-04
8.7700000000e+03 1.0289200000e-03
8.7724082030e+03 1.0900100000e-03
8.7800000000e+03 1.2817800000e-03
8.7824111330e+03 1.3430600000e-03
8.7900000000e+03 1.6770600000e-03
8.7924140620e+03 1.7839600000e-03
8.8000000000e+03 2.2006300000e-03
8.8024160160e+03 2.3333600000e-03
8.8100000000e+03 2.8976100000e-03
8.8124189450e+03 3.0784300000e-03
8.8200000000e+03 3.8474300000e-03
8.8224218750e+03 4.0942600000e-03
8.8300000000e+03 5.1899500000e-03
8.8324248050e+03 5.5444700000e-03
8.8400000000e+03 7.0161700000e-03
8.8424277340e+03 7.4908300000e-03
8.8500000000e+03 9.4907300000e-03
8.8524296880e+03 1.0136500000e-02
8.8600000000e+03 1.2835500000e-02
8.8624326170e+03 1.3708300000e-02
8.8700000000e+03 1.7282400000e-02
8.8724355470e+03 1.8440000000e-02
8.8800000000e+03 2.3068600000e-02
8.8824384770e+03 2.4570100000e-02
8.8900000000e+03 3.0560300000e-02
8.8924404300e+03 3.2505700000e-02
8.9000000000e+03 4.0267800000e-02
8.9024433590e+03 4.2751200000e-02
8.9100000000e+03 5.2085400000e-02
8.9124462890e+03 5.5114500000e-02
8.9200000000e+03 6.5828000000e-02
8.9224492190e+03 6.9324100000e-02
8.9300000000e+03 8.1790800000e-02
8.9324521480e+03 8.5835000000e-02
8.9400000000e+03 1.0020600000e-01
8.9424541020e+03 1.0489000000e-01
8.9500000000e+03 1.2074600000e-01
8.9524570310e+03 1.2594600000e-01
8.9600000000e+03 1.4304800000e-01
8.9624599610e+03 1.4861300000e-01
8.9700000000e+03 1.6661800000e-01
8.9724628910e+03 1.7254800000e-01
8.9800000000e+03 1.9138000000e-01
8.9824648440e+03 1.9751900000e-01
8.9900000000e+03 2.1624800000e-01
8.9924677730e+03 2.2239700000e-01
9.0000000000e+03 2.4047600000e-01
9.0024707030e+03 2.4633000000e-01
9.0100000000e+03 2.6302900000e-01
9.0124736330e+03 2.6846700000e-01
9.0200000000e+03 2.8324500000e-01
9.0224765620e+03 2.8816900000e-01
9.0300000000e+03 3.0156200000e-01
9.0324785160e+03 3.0598100000e-01
9.0400000000e+03 3.1721700000e-01
9.0424814450e+03 3.2092900000e-01
9.0500000000e+03 3.2972400000e-01
9.0524843750e+03 3.3270300000e-01
9.0600000000e+03 3.3931300000e-01
9.0624873050e+03 3.4143500000e-01
9.0700000000e+03 3.4592600000e-01
9.0724892580e+03 3.4748900000e-01
9.0800000000e+03 3.5022700000e-01
9.0824921880e+03 3.5106500000e-01
9.0900000000e+03 3.5201100000e-01
9.0924951170e+03 3.5232700000e-01
9.1000000000e+03 3.5216400000e-01
9.1024980470e+03 3.5218400000e-01
9.1100000000e+03 3.5165800000e-01
9.1125000000e+03 3.5141000000e-01
9.1200000000e+03 3.5062900000e-01
9.1225029300e+03 3.5044100000e-01
9.1300000000e+03 3.5009000000e-01
9.1325058590e+03 3.4990000000e-01
9.1400000000e+03 3.4978100000e-01
9.1425087890e+03 3.4981500000e-01
9.1500000000e+03 3.5072800000e-01
9.1525107420e+03 3.5096200000e-01
9.1600000000e+03 3.5268000000e-01
9.1625136720e+03 3.5333300000e-01
9.1700000000e+03 3.5621200000e-01
9.1725166020e+03 3.5710700000e-01
9.1800000000e+03 3.6045600000e-01
9.1825195310e+03 3.6166100000e-01
9.1900000000e+03 3.6592200000e-01
9.1925224610e+03 3.6728500000e-01
9.2000000000e+03 3.7172600000e-01
9.2025244140e+03 3.7324200000e-01
9.2100000000e+03 3.7776000000e-01
9.2125273440e+03 3.7921000000e-01
9.2200000000e+03 3.8322400000e-01
9.2225302730e+03 3.8466600000e-01
9.2300000000e+03 3.8841200000e-01
9.2325332030e+03 3.8968900000e-01
9.2400000000e+03 3.9273600000e-01
9.2425351560e+03 3.9385600000e-01
9.2500000000e+03 3.9625700000e-01
9.2525380860e+03 3.9699100000e-01
9.2600000000e+03 3.9811900000e-01
9.2625410160e+03 3.9858900000e-01
9.2700000000e+03 3.9896500000e-01
9.2725439450e+03 3.9900800000e-01
9.2800000000e+03 3.9829900000e-01
9.2825468750e+03 3.9814200000e-01
9.2900000000e+03 3.9705300000e-01
9.2925488280e+03 3.9659500000e-01
9.3000000000e+03 3.9483000000e-01
9.3025517580e+03 3.9430900000e-01
9.3100000000e+03 3.9272100000e-01
9.3125546880e+03 3.9209200000e-01
9.3200000000e+03 3.9048900000e-01
9.3225576170e+03 3.9002200000e-01
9.3300000000e+03 3.8906200000e-01
9.3325595700e+03 3.8864700000e-01
9.3400000000e+03 3.8824500000e-01
9.3425625000e+03 3.8819000000e-01
9.3500000000e+03 3.8893800000e-01
9.3525654300e+03 3.8911200000e-01
9.3600000000e+03 3.9025800000e-01
9.3625683590e+03 3.9073900000e-01
9.3700000000e+03 3.9283700000e-01
9.3725703120e+03 3.9347800000e-01
9.3800000000e+03 3.9613300000e-01
9.3825732420e+03 3.9714000000e-01
9.3900000000e+03 4.0048100000e-01
9.3925761720e+03 4.0164200000e-01
9.4000000000e+03 4.0499600000e-01
9.4025791020e+03 4.0597700000e-01
9.4100000000e+03 4.0872200000e-01
9.4125820310e+03 4.0976600000e-01
9.4200000000e+03 4.1259100000e-01
9.4225839840e+03 4.1348700000e-01
9.4300000000e+03 4.1556800000e-01
9.4325869140e+03 4.1644500000e-01
9.4400000000e+03 4.1823300000e-01
9.4425898440e+03 4.1876700000e-01
9.4500000000e+03 4.1956100000e-01
9.4525927730e+03 4.1993100000e-01
9.4600000000e+03 4.2023000000e-01
9.4625947270e+03 4.2033500000e-01
9.4700000000e+03 4.1997600000e-01
9.4725976560e+03 4.1975800000e-01
9.4800000000e+03 4.1866000000e-01
9.4826005860e+03 4.1836500000e-01
9.4900000000e+03 4.1723400000e-01
9.4926035160e+03 4.1683500000e-01
9.5000000000e+03 4.1570300000e-01
9.5026064450e+03 4.1519400000e-01
9.5100000000e+03 4.1392100000e-01
9.5126083980e+03 4.1356200000e-01
9.5200000000e+03 4.1273200000e-01
9.5226113280e+03 4.1234700000e-01
9.5300000000e+03 4.1167600000e-01
9.5326142580e+03 4.1153000000e-01
9.5400000000e+03 4.1187200000e-01
9.5426171880e+03 4.1199300000e-01
9.5500000000e+03 4.1298900000e-01
9.5526191410e+03 4.1325000000e-01
9.5600000000e+03 4.1435900000e-01
9.5626220700e+03 4.1484400000e-01
9.5700000000e+03 4.1663100000e-01
9.5726250000e+03 4.1726700000e-01
9.5800000000e+03 4.1946500000e-01
9.5826279300e+03 4.2015400000e-01
9.5900000000e+03 4.2238500000e-01
9.5926308590e+03 4.2327500000e-01
9.6000000000e+03 4.2571000000e-01
9.6026328120e+03 4.2654000000e-01
9.6100000000e+03 4.2848400000e-01
9.6126357420e+03 4.2908300000e-01
9.6200000000e+03 4.3041300000e-01
9.6226386720e+03 4.3098500000e-01
9.6300000000e+03 4.3216200000e-01
9.6326416020e+03 4.3263000000e-01
9.6400000000e+03 4.3333700000e-01
9.6426435550e+03 4.3349200000e-01
9.6500000000e+03 4.3338200000e-01
9.6526464840e+03 4.3343800000e-01
9.6600000000e+03 4.3296800000e-01
9.6626494140e+03 4.3279700000e-01
9.6700000000e+03 4.3190700000e-01
9.6726523440e+03 4.3148700000e-01
9.6800000000e+03 4.3017700000e-01
9.6826552730e+03 4.2979900000e-01
9.6900000000e+03 4.2864500000e-01
9.6926572270e+03 4.2822600000e-01
9.7000000000e+03 4.2711400000e-01
9.7026601560e+03 4.2661200000e-01
9.7100000000e+03 4.2544100000e-01
9.7126630860e+03 4.2511100000e-01
9.7200000000e+03 4.2451300000e-01
9.7226660160e+03 4.2429400000e-01
9.7300000000e+03 4.2429500000e-01
9.7326679690e+03 4.2419800000e-01
9.7400000000e+03 4.2449800000e-01
9.7426708980e+03 4.2470200000e-01
9.7500000000e+03 4.2569400000e-01
9.7526738280e+03 4.2605500000e-01
9.7600000000e+03 4.2748500000e-01
9.7626767580e+03 4.2800600000e-01
9.7700000000e+03 4.2965400000e-01
9.7726796880e+03 4.3015800000e-01
9.7800000000e+03 4.3174100000e-01
9.7826816410e+03 4.3241900000e-01
9.7900000000e+03 4.3438900000e-01
9.7926845700e+03 4.3511100000e-01
9.8000000000e+03 4.3695000000e-01
9.8026875000e+03 4.3756400000e-01
9.8100000000e+03 4.3891500000e-01
9.8126904300e+03 4.3931000000e-01
9.8200000000e+03 4.4001900000e-01
9.8226923830e+03 4.4037900000e-01
9.8300000000e+03 4.4086100000e-01
9.8326953120e+03 4.4109900000e-01
9.8400000000e+03 4.4121200000e-01
9.8426982420e+03 4.4125200000e-01
9.8500000000e+03 4.4088800000e-01
9.8527011720e+03 4.4064900000e-01
9.8600000000e+03 4.3955500000e-01
9.8627031250e+03 4.3924900000e-01
9.8700000000e+03 4.3808700000e-01
9.8727060550e+03 4.3765400000e-01
9.8800000000e+03 4.3632100000e-01
9.8827089840e+03 4.3582300000e-01
9.8900000000e+03 4.3440500000e-01
9.8927119140e+03 4.3377400000e-01
9.9000000000e+03 4.3224500000e-01
9.9027148440e+03 4.3177400000e-01
9.9100000000e+03 4.3066700000e-01
9.9127167970e+03 4.3025100000e-01
9.9200000000e+03 4.2969400000e-01
9.9227197270e+03 4.2948300000e-01
9.9300000000e+03 4.2939900000e-01
9.9327226560e+03 4.2936500000e-01
9.9400000000e+03 4.2975800000e-01
9.9427255860e+03 4.2980300000e-01
9.9500000000e+03 4.3042100000e-01
9.9527275390e+03 4.3075100000e-01
9.9600000000e+03 4.3214900000e-01
9.9627304690e+03 4.3267300000e-01
9.9700000000e+03 4.3450300000e-01
9.9727333980e+03 4.3518900000e-01
9.9800000000e+03 4.3726900000e-01
9.9827363280e+03 4.3805100000e-01
9.9900000000e+03 4.4028000000e-01
9.9927392580e+03 4.4101600000e-01
1.0000000000e+04 4.4289800000e-01
1.0002741211e+04 4.4377900000e-01
1.0010000000e+04 4.4591500000e-01
1.0012744141e+04 4.4672100000e-01
1.0020000000e+04 4.4850900000e-01
1.0022747070e+04 4.4918500000e-01
1.0030000000e+04 4.5060000000e-01
1.0032750000e+04 4.5113500000e-01
1.0040000000e+04 4.5192500000e-01
1.0042751953e+04 4.5211600000e-01
1.0050000000e+04 4.5191100000e-01
1.0052754883e+04 4.5193700000e-01
1.0060000000e+04 4.5144900000e-01
1.0062757812e+04 4.5126100000e-01
1.0070000000e+04 4.5019500000e-01
1.0072759766e+04 4.4978500000e-01
1.0080000000e+04 4.4826800000e-01
1.0082762695e+04 4.4768600000e-01
1.0090000000e+04 4.4581100000e-01
1.0092765625e+04 4.4509100000e-01
1.0100000000e+04 4.4294500000e-01
1.0102768555e+04 4.4212000000e-01
1.0110000000e+04 4.4017300000e-01
1.0112771484e+04 4.3931900000e-01
1.0120000000e+04 4.3730500000e-01
1.0122774414e+04 4.3663400000e-01
1.0130000000e+04 4.3520600000e-01
1.0132777344e+04 4.3465500000e-01
1.0140000000e+04 4.3371300000e-01
1.0142779297e+04 4.3334800000e-01
1.0150000000e+04 4.3294000000e-01
1.0152782227e+04 4.3278100000e-01
1.0160000000e+04 4.3302600000e-01
1.0162785156e+04 4.3311900000e-01
1.0170000000e+04 4.3405500000e-01
1.0172788086e+04 4.3441500000e-01
1.0180000000e+04 4.3594500000e-01
1.0182790039e+04 4.3643200000e-01
1.0190000000e+04 4.3812500000e-01
1.0192792969e+04 4.3888500000e-01
1.0200000000e+04 4.4152500000e-01
1.0202795898e+04 4.4255700000e-01
1.0210000000e+04 4.4549400000e-01
1.0212797852e+04 4.4663500000e-01
1.0220000000e+04 4.4983000000e-01
1.0222800781e+04 4.5107300000e-01
1.0230000000e+04 4.5431300000e-01
1.0232803711e+04 4.5557600000e-01
1.0240000000e+04 4.5860400000e-01
1.0242806641e+04 4.5978500000e-01
1.0250000000e+04 4.6264300000e-01
1.0252808594e+04 4.6375900000e-01
1.0260000000e+04 4.6621900000e-01
1.0262811523e+04 4.6718000000e-01
1.0270000000e+04 4.6913600000e-01
1.0272815430e+04 4.6990200000e-01
1.0280000000e+04 4.7126500000e-01
1.0282817383e+04 4.7168500000e-01
1.0290000000e+04 4.7222500000e-01
1.0292820312e+04 4.7255100000e-01
1.0300000000e+04 4.7278100000e-01
1.0302823242e+04 4.7287100000e-01
1.0310000000e+04 4.7259400000e-01
1.0312826172e+04 4.7248400000e-01
1.0320000000e+04 4.7191200000e-01
1.0322828125e+04 4.7168400000e-01
1.0330000000e+04 4.7066800000e-01
1.0332831055e+04 4.7026500000e-01
1.0340000000e+04 4.6914200000e-01
1.0342833984e+04 4.6869700000e-01
1.0350000000e+04 4.6766300000e-01
1.0352835938e+04 4.6725200000e-01
1.0360000000e+04 4.6630200000e-01
1.0362838867e+04 4.6592400000e-01
1.0370000000e+04 4.6511200000e-01
1.0372841797e+04 4.6478900000e-01
1.0380000000e+04 4.6432600000e-01
1.0382843750e+04 4.6414100000e-01
1.0390000000e+04 4.6407800000e-01
1.0392846680e+04 4.6405200000e-01
1.0400000000e+04 4.6423600000e-01
1.0402849609e+04 4.6431300000e-01
1.0410000000e+04 4.6522100000e-01
1.0412852539e+04 4.6558300000e-01
1.0420000000e+04 4.6675400000e-01
1.0422855469e+04 4.6722100000e-01
1.0430000000e+04 4.6868000000e-01
1.0432858398e+04 4.6926400000e-01
1.0440000000e+04 4.7096400000e-01
1.0442861328e+04 4.7164500000e-01
1.0450000000e+04 4.7348500000e-01
1.0452863281e+04 4.7410600000e-01
1.0460000000e+04 4.7577500000e-01
1.0462866211e+04 4.7656200000e-01
1.0470000000e+04 4.7852000000e-01
1.0472869141e+04 4.7930800000e-01
1.0480000000e+04 4.8109800000e-01
1.0482872070e+04 4.8181900000e-01
1.0490000000e+04 4.8335200000e-01
1.0492874023e+04 4.8397000000e-01
1.0500000000e+04 4.8526000000e-01
1.0502876953e+04 4.8566700000e-01
1.0510000000e+04 4.8624500000e-01
1.0512879883e+04 4.8647900000e-01
1.0520000000e+04 4.8675800000e-01
1.0522881836e+04 4.8687000000e-01
1.0530000000e+04 4.8690200000e-01
1.0532884766e+04 4.8691400000e-01
1.0540000000e+04 4.8650100000e-01
1.0542887695e+04 4.8633300000e-01
1.0550000000e+04 4.8563400000e-01
1.0552890625e+04 4.8534900000e-01
1.0560000000e+04 4.8451200000e-01
1.0562892578e+04 4.8417100000e-01
1.0570000000e+04 4.8318800000e-01
1.0572896484e+04 4.8278600000e-01
1.0580000000e+04 4.8185800000e-01
1.0582899414e+04 4.8147900000e-01
1.0590000000e+04 4.8048100000e-01
1.0592901367e+04 4.8007300000e-01
1.0600000000e+04 4.7943900000e-01
1.0602904297e+04 4.7916900000e-01
1.0610000000e+04 4.7859700000e-01
1.0612907227e+04 4.7836200000e-01
1.0620000000e+04 4.7804700000e-01
1.0622910156e+04 4.7791800000e-01
1.0630000000e+04 4.7793300000e-01
1.0632912109e+04 4.7793900000e-01
1.0640000000e+04 4.7814400000e-01
1.0642915039e+04 4.7822800000e-01
1.0650000000e+04 4.7871600000e-01
1.0652917969e+04 4.7891700000e-01
1.0660000000e+04 4.7961900000e-01
1.0662919922e+04 4.7990900000e-01
1.0670000000e+04 4.8079300000e-01
1.0672922852e+04 4.8115700000e-01
1.0680000000e+04 4.8238200000e-01
1.0682925781e+04 4.8300900000e-01
1.0690000000e+04 4.8451100000e-01
1.0692928711e+04 4.8501100000e-01
1.0700000000e+04 4.8619800000e-01
1.0702930664e+04 4.8669000000e-01
1.0710000000e+04 4.8786200000e-01
1.0712933594e+04 4.8834900000e-01
1.0720000000e+04 4.8938900000e-01
1.0722936523e+04 4.8982200000e-01
1.0730000000e+04 4.9069900000e-01
1.0732939453e+04 4.9106400000e-01
1.0740000000e+04 4.9179200000e-01
1.0742942383e+04 4.9209500000e-01
1.0750000000e+04 4.9266300000e-01
1.0752945312e+04 4.9290100000e-01
1.0760000000e+04 4.9320700000e-01
1.0762948242e+04 4.9333600000e-01
1.0770000000e+04 4.9342600000e-01
1.0772950195e+04 4.9346400000e-01
1.0780000000e+04 4.9330200000e-01
1.0782953125e+04 4.9323500000e-01
1.0790000000e+04 4.9291600000e-01
1.0792956055e+04 4.9278300000e-01
1.0800000000e+04 4.9233100000e-01
1.0802958008e+04 4.9214800000e-01
1.0810000000e+04 4.9159400000e-01
1.0812960938e+04 4.9136200000e-01
1.0820000000e+04 4.9087100000e-01
1.0822963867e+04 4.9066500000e-01
1.0830000000e+04 4.9019500000e-01
1.0832966797e+04 4.8999700000e-01
1.0840000000e+04 4.8958900000e-01
1.0842968750e+04 4.8941700000e-01
1.0850000000e+04 4.8912200000e-01
1.0852971680e+04 4.8899800000e-01
1.0860000000e+04 4.8888700000e-01
1.0862974609e+04 4.8896600000e-01
1.0870000000e+04 4.8924400000e-01
1.0872976562e+04 4.8923700000e-01
1.0880000000e+04 4.8939900000e-01
1.0882980469e+04 4.8946900000e-01
1.0890000000e+04 4.8984200000e-01
1.0892983398e+04 4.9000200000e-01
1.0900000000e+04 4.9046800000e-01
1.0902986328e+04 4.9066700000e-01
1.0910000000e+04 4.9120400000e-01
1.0912988281e+04 4.9143400000e-01
1.0920000000e+04 4.9206500000e-01
1.0922991211e+04 4.9233500000e-01
1.0930000000e+04 4.9299600000e-01
1.0932994141e+04 4.9327900000e-01
1.0940000000e+04 4.9391900000e-01
1.0942996094e+04 4.9419300000e-01
1.0950000000e+04 4.9474500000e-01
1.0952999023e+04 4.9498200000e-01
1.0960000000e+04 4.9543100000e-01
1.0963001953e+04 4.9562500000e-01
1.0970000000e+04 4.9589900000e-01
1.0973004883e+04 4.9614500000e-01
1.0980000000e+04 4.9661700000e-01
1.0983006836e+04 4.9669300000e-01
1.0990000000e+04 4.9684000000e-01
1.0993009766e+04 4.9687400000e-01
1.1000000000e+04 4.9669600000e-01
1.1003012695e+04 4.9663700000e-01
1.1010000000e+04 4.9637200000e-01
1.1013014648e+04 4.9625700000e-01
1.1020000000e+04 4.9584900000e-01
1.1023017578e+04 4.9567300000e-01
1.1030000000e+04 4.9517600000e-01
1.1033021484e+04 4.9496100000e-01
1.1040000000e+04 4.9446300000e-01
1.1043024414e+04 4.9424700000e-01
1.1050000000e+04 4.9372000000e-01
1.1053026367e+04 4.9349100000e-01
1.1060000000e+04 4.9294100000e-01
1.1063029297e+04 4.9283000000e-01
1.1070000000e+04 4.9265900000e-01
1.1073032227e+04 4.9245700000e-01
1.1080000000e+04 4.9210900000e-01
1.1083034180e+04 4.9195800000e-01
1.1090000000e+04 4.9170800000e-01
1.1093037109e+04 4.9159900000e-01
1.1100000000e+04 4.9148000000e-01
1.1103040039e+04 4.9142800000e-01
1.1110000000e+04 4.9156400000e-01
1.1113041992e+04 4.9162300000e-01
1.1120000000e+04 4.9193600000e-01
1.1123044922e+04 4.9207300000e-01
1.1130000000e+04 4.9245300000e-01
1.1133047852e+04 4.9262000000e-01
1.1140000000e+04 4.9314700000e-01
1.1143050781e+04 4.9350700000e-01
1.1150000000e+04 4.9439500000e-01
1.1153052734e+04 4.9465600000e-01
1.1160000000e+04 4.9531500000e-01
1.1163055664e+04 4.9560400000e-01
1.1170000000e+04 4.9632500000e-01
1.1173058594e+04 4.9664200000e-01
1.1180000000e+04 4.9732600000e-01
1.1183060547e+04 4.9762800000e-01
1.1190000000e+04 4.9825600000e-01
1.1193064453e+04 4.9853300000e-01
1.1200000000e+04 4.9902300000e-01
1.1203067383e+04 4.9938000000e-01
1.1210000000e+04 5.0005800000e-01
1.1213070312e+04 5.0022700000e-01
1.1220000000e+04 5.0051100000e-01
1.1223072266e+04 5.0063600000e-01
1.1230000000e+04 5.0071900000e-01
1.1233075195e+04 5.0075600000e-01
1.1240000000e+04 5.0062300000e-01
1.1243078125e+04 5.0056400000e-01
1.1250000000e+04 5.0025400000e-01
1.1253080078e+04 5.0011600000e-01
1.1260000000e+04 4.9967100000e-01
1.1263083008e+04 4.9947300000e-01
1.1270000000e+04 4.9889400000e-01
1.1273085938e+04 4.9876700000e-01
1.1280000000e+04 4.9835300000e-01
1.1283088867e+04 4.9803600000e-01
1.1290000000e+04 4.9723400000e-01
1.1293090820e+04 4.9687500000e-01
1.1300000000e+04 4.9602900000e-01
1.1303093750e+04 4.9565000000e-01
1.1310000000e+04 4.9483000000e-01
1.1313096680e+04 4.9446200000e-01
1.1320000000e+04 4.9371000000e-01
1.1323098633e+04 4.9337300000e-01
1.1330000000e+04 4.9264100000e-01
1.1333101562e+04 4.9244200000e-01
1.1340000000e+04 4.9218900000e-01
1.1343105469e+04 4.9194400000e-01
1.1350000000e+04 4.9167800000e-01
1.1353108398e+04 4.9155800000e-01
1.1360000000e+04 4.9144900000e-01
1.1363110352e+04 4.9140000000e-01
1.1370000000e+04 4.9152400000e-01
1.1373113281e+04 4.9158000000e-01
1.1380000000e+04 4.9187600000e-01
1.1383116211e+04 4.9214100000e-01
1.1390000000e+04 4.9289700000e-01
1.1393118164e+04 4.9310900000e-01
1.1400000000e+04 4.9374800000e-01
1.1403121094e+04 4.9405000000e-01
1.1410000000e+04 4.9492100000e-01
1.1413124023e+04 4.9531700000e-01
1.1420000000e+04 4.9635300000e-01
1.1423126953e+04 4.9682400000e-01
1.1430000000e+04 4.9790600000e-01
1.1433128906e+04 4.9839900000e-01
1.1440000000e+04 4.9952600000e-01
1.1443131836e+04 5.0017400000e-01
1.1450000000e+04 5.0159800000e-01
1.1453134766e+04 5.0211400000e-01
1.1460000000e+04 5.0316100000e-01
1.1463136719e+04 5.0363900000e-01
1.1470000000e+04 5.0469800000e-01
1.1473139648e+04 5.0518300000e-01
1.1480000000e+04 5.0617000000e-01
1.1483142578e+04 5.0662200000e-01
1.1490000000e+04 5.0737400000e-01
1.1493146484e+04 5.0785500000e-01
1.1500000000e+04 5.0875300000e-01
1.1503148438e+04 5.0902100000e-01
1.1510000000e+04 5.0944000000e-01
1.1513151367e+04 5.0963300000e-01
1.1520000000e+04 5.0983000000e-01
1.1523154297e+04 5.0992000000e-01
1.1530000000e+04 5.0991000000e-01
1.1533156250e+04 5.0990500000e-01
1.1540000000e+04 5.0976800000e-01
1.1543159180e+04 5.0984200000e-01
1.1550000000e+04 5.0989200000e-01
1.1553162109e+04 5.0977800000e-01
1.1560000000e+04 5.0939100000e-01
1.1563165039e+04 5.0921100000e-01
1.1570000000e+04 5.0869900000e-01
1.1573166992e+04 5.0846200000e-01
1.1580000000e+04 5.0790500000e-01
1.1583169922e+04 5.0764700000e-01
1.1590000000e+04 5.0704500000e-01
1.1593172852e+04 5.0690300000e-01
1.1600000000e+04 5.0674400000e-01
1.1603174805e+04 5.0653400000e-01
1.1610000000e+04 5.0616800000e-01
1.1613177734e+04 5.0599800000e-01
1.1620000000e+04 5.0564700000e-01
1.1623180664e+04 5.0548400000e-01
1.1630000000e+04 5.0523300000e-01
1.1633183594e+04 5.0525300000e-01
1.1640000000e+04 5.0544900000e-01
1.1643185547e+04 5.0540400000e-01
1.1650000000e+04 5.0546400000e-01
1.1653189453e+04 5.0549200000e-01
1.1660000000e+04 5.0570000000e-01
1.1663192383e+04 5.0579800000e-01
1.1670000000e+04 5.0615400000e-01
1.1673194336e+04 5.0632100000e-01
1.1680000000e+04 5.0678200000e-01
1.1683197266e+04 5.0713700000e-01
1.1690000000e+04 5.0806000000e-01
1.1693200195e+04 5.0835700000e-01
1.1700000000e+04 5.0904400000e-01
1.1703203125e+04 5.0936700000e-01
1.1710000000e+04 5.1009400000e-01
1.1713205078e+04 5.1043700000e-01
1.1720000000e+04 5.1124800000e-01
1.1723208008e+04 5.1177000000e-01
1.1730000000e+04 5.1291100000e-01
1.1733210938e+04 5.1331000000e-01
1.1740000000e+04 5.1407900000e-01
1.1743212891e+04 5.1444300000e-01
1.1750000000e+04 5.1513700000e-01
1.1753215820e+04 5.1546600000e-01
1.1760000000e+04 5.1608800000e-01
1.1763218750e+04 5.1638400000e-01
1.1770000000e+04 5.1693500000e-01
1.1773221680e+04 5.1733900000e-01
1.1780000000e+04 5.1806500000e-01
1.1783223633e+04 5.1826900000e-01
1.1790000000e+04 5.1850700000e-01
1.1793226562e+04 5.1862000000e-01
1.1800000000e+04 5.1872900000e-01
1.1803230469e+04 5.1875800000e-01
1.1810000000e+04 5.1871800000e-01
1.1813232422e+04 5.1884200000e-01
1.1820000000e+04 5.1899000000e-01
1.1823235352e+04 5.1891900000e-01
1.1830000000e+04 5.1867500000e-01
1.1833238281e+04 5.1855900000e-01
1.1840000000e+04 5.1825700000e-01
1.1843241211e+04 5.1811200000e-01
1.1850000000e+04 5.1770500000e-01
1.1853243164e+04 5.1765200000e-01
1.1860000000e+04 5.1751300000e-01
1.1863246094e+04 5.1730300000e-01
1.1870000000e+04 5.1687800000e-01
1.1873249023e+04 5.1667300000e-01
1.1880000000e+04 5.1632200000e-01
1.1883250977e+04 5.1615300000e-01
1.1890000000e+04 5.1586000000e-01
1.1893253906e+04 5.1586100000e-01
1.1900000000e+04 5.1588500000e-01
1.1903256836e+04 5.1575500000e-01
1.1910000000e+04 5.1568200000e-01
1.1913259766e+04 5.1564700000e-01
1.1920000000e+04 5.1556300000e-01
1.1923261719e+04 5.1552300000e-01
1.1930000000e+04 5.1556300000e-01
1.1933264648e+04 5.1558300000e-01
1.1940000000e+04 5.1582700000e-01
1.1943267578e+04 5.1608800000e-01
1.1950000000e+04 5.1670900000e-01
1.1953269531e+04 5.1686800000e-01
1.1960000000e+04 5.1725800000e-01
1.1963273438e+04 5.1744800000e-01
1.1970000000e+04 5.1799300000e-01
1.1973276367e+04 5.1825900000e-01
1.1980000000e+04 5.1884300000e-01
1.1983279297e+04 5.1927200000e-01
1.1990000000e+04 5.2011900000e-01
1.1993281250e+04 5.2038800000e-01
1.2000000000e+04 5.2100800000e-01
1.2003284180e+04 5.2133100000e-01
1.2010000000e+04 5.2193600000e-01
1.2013287109e+04 5.2223200000e-01
1.2020000000e+04 5.2282700000e-01
1.2023289062e+04 5.2326300000e-01
1.2030000000e+04 5.2411000000e-01
1.2033291992e+04 5.2438000000e-01
1.2040000000e+04 5.2482900000e-01
1.2043294922e+04 5.2505000000e-01
1.2050000000e+04 5.2539800000e-01
1.2053297852e+04 5.2557000000e-01
1.2060000000e+04 5.2576700000e-01
1.2063299805e+04 5.2601000000e-01
1.2070000000e+04 5.2636300000e-01
1.2073302734e+04 5.2639000000e-01
1.2080000000e+04 5.2633400000e-01
1.2083305664e+04 5.2630600000e-01
1.2090000000e+04 5.2613700000e-01
1.2093308594e+04 5.2605400000e-01
1.2100000000e+04 5.2578200000e-01
1.2103310547e+04 5.2579400000e-01
1.2110000000e+04 5.2569900000e-01
1.2113314453e+04 5.2550500000e-01
1.2120000000e+04 5.2506700000e-01
1.2123317383e+04 5.2485000000e-01
1.2130000000e+04 5.2436900000e-01
1.2133319336e+04 5.2413000000e-01
1.2140000000e+04 5.2355400000e-01
1.2143322266e+04 5.2341400000e-01
1.2150000000e+04 5.2321300000e-01
1.2153325195e+04 5.2296600000e-01
1.2160000000e+04 5.2240600000e-01
1.2163328125e+04 5.2212600000e-01
1.2170000000e+04 5.2169000000e-01
1.2173330078e+04 5.2147300000e-01
1.2180000000e+04 5.2111400000e-01
1.2183333008e+04 5.2108100000e-01
1.2190000000e+04 5.2111600000e-01
1.2193335938e+04 5.2098700000e-01
1.2200000000e+04 5.2084900000e-01
1.2203337891e+04 5.2076400000e-01
1.2210000000e+04 5.2070700000e-01
1.2213340820e+04 5.2082400000e-01
1.2220000000e+04 5.2118500000e-01
1.2223343750e+04 5.2122000000e-01
1.2230000000e+04 5.2142900000e-01
1.2233346680e+04 5.2153500000e-01
1.2240000000e+04 5.2180600000e-01
1.2243348633e+04 5.2194300000e-01
1.2250000000e+04 5.2236500000e-01
1.2253351562e+04 5.2272500000e-01
1.2260000000e+04 5.2353600000e-01
1.2263355469e+04 5.2379700000e-01
1.2270000000e+04 5.2442400000e-01
1.2273357422e+04 5.2474100000e-01
1.2280000000e+04 5.2541400000e-01
1.2283360352e+04 5.2575500000e-01
1.2290000000e+04 5.2649000000e-01
1.2293363281e+04 5.2701100000e-01
1.2300000000e+04 5.2798000000e-01
1.2303366211e+04 5.2832200000e-01
1.2310000000e+04 5.2901500000e-01
1.2313368164e+04 5.2936700000e-01
1.2320000000e+04 5.3002600000e-01
1.2323371094e+04 5.3036100000e-01
1.2330000000e+04 5.3099700000e-01
1.2333374023e+04 5.3147100000e-01
1.2340000000e+04 5.3223500000e-01
1.2343375977e+04 5.3247400000e-01
1.2350000000e+04 5.3288400000e-01
1.2353378906e+04 5.3309300000e-01
1.2360000000e+04 5.3340800000e-01
1.2363381836e+04 5.3356900000e-01
1.2370000000e+04 5.3371800000e-01
1.2373384766e+04 5.3394600000e-01
1.2380000000e+04 5.3431100000e-01
1.2383386719e+04 5.3434600000e-01
1.2390000000e+04 5.3424500000e-01
1.2393389648e+04 5.3419300000e-01
1.2400000000e+04 5.3402500000e-01
1.2403392578e+04 5.3396000000e-01
1.2410000000e+04 5.3370800000e-01
1.2413394531e+04 5.3373000000e-01
1.2420000000e+04 5.3369300000e-01
1.2423398438e+04 5.3352300000e-01
1.2430000000e+04 5.3317300000e-01
1.2433401367e+04 5.3299300000e-01
1.2440000000e+04 5.3255300000e-01
1.2443404297e+04 5.3232500000e-01
1.2450000000e+04 5.3192700000e-01
1.2453406250e+04 5.3187200000e-01
1.2460000000e+04 5.3179900000e-01
1.2463409180e+04 5.3161000000e-01
1.2470000000e+04 5.3126100000e-01
1.2473412109e+04 5.3108000000e-01
1.2480000000e+04 5.3077600000e-01
1.2483414062e+04 5.3061900000e-01
1.2490000000e+04 5.3038400000e-01
1.2493416992e+04 5.3041400000e-01
1.2500000000e+04 5.3061200000e-01
1.2503419922e+04 5.3052200000e-01
1.2510000000e+04 5.3049300000e-01
1.2513422852e+04 5.3047800000e-01
1.2520000000e+04 5.3051700000e-01
1.2523424805e+04 5.3053700000e-01
1.2530000000e+04 5.3071900000e-01
1.2533427734e+04 5.3096500000e-01
1.2540000000e+04 5.3150000000e-01
1.2543430664e+04 5.3162700000e-01
1.2550000000e+04 5.3205300000e-01
1.2553432617e+04 5.3227600000e-01
1.2560000000e+04 5.3279600000e-01
1.2563435547e+04 5.3322200000e-01
1.2570000000e+04 5.3411100000e-01
1.2573439453e+04 5.3442300000e-01
1.2580000000e+04 5.3506700000e-01
1.2583442383e+04 5.3540500000e-01
1.2590000000e+04 5.3609200000e-01
1.2593444336e+04 5.3645300000e-01
1.2600000000e+04 5.3709200000e-01
1.2603447266e+04 5.3757600000e-01
1.2610000000e+04 5.3847200000e-01
1.2613450195e+04 5.3879000000e-01
1.2620000000e+04 5.3954200000e-01
1.2623452148e+04 5.3993900000e-01
1.2630000000e+04 5.4058300000e-01
1.2633455078e+04 5.4092300000e-01
1.2640000000e+04 5.4145000000e-01
1.2643458008e+04 5.4188500000e-01
1.2650000000e+04 5.4262300000e-01
1.2653460938e+04 5.4285700000e-01
1.2660000000e+04 5.4316400000e-01
1.2663462891e+04 5.4332600000e-01
1.2670000000e+04 5.4356900000e-01
1.2673465820e+04 5.4369800000e-01
1.2680000000e+04 5.4380000000e-01
1.2683468750e+04 5.4401000000e-01
1.2690000000e+04 5.4424800000e-01
1.2693470703e+04 5.4421700000e-01
1.2700000000e+04 5.4412500000e-01
1.2703473633e+04 5.4407600000e-01
1.2710000000e+04 5.4387100000e-01
1.2713476562e+04 5.4376200000e-01
1.2720000000e+04 5.4347900000e-01
1.2723480469e+04 5.4348500000e-01
1.2730000000e+04 5.4335700000e-01
1.2733482422e+04 5.4313100000e-01
1.2740000000e+04 5.4270700000e-01
1.2743485352e+04 5.4248100000e-01
1.2750000000e+04 5.4199600000e-01
1.2753488281e+04 5.4173600000e-01
1.2760000000e+04 5.4126300000e-01
1.2763490234e+04 5.4100900000e-01
1.2770000000e+04 5.4054600000e-01
1.2773493164e+04 5.4045400000e-01
1.2780000000e+04 5.4028700000e-01
1.2783496094e+04 5.4004000000e-01
1.2790000000e+04 5.3963900000e-01
1.2793499023e+04 5.3942300000e-01
1.2800000000e+04 5.3908500000e-01
1.2803500977e+04 5.3887100000e-01
1.2810000000e+04 5.3855900000e-01
1.2813503906e+04 5.3854700000e-01
1.2820000000e+04 5.3861600000e-01
1.2823506836e+04 5.3849700000e-01
1.2830000000e+04 5.3838600000e-01
1.2833508789e+04 5.3832600000e-01
1.2840000000e+04 5.3831100000e-01
1.2843511719e+04 5.3830300000e-01
1.2850000000e+04 5.3834700000e-01
1.2853514648e+04 5.3852700000e-01
1.2860000000e+04 5.3901400000e-01
1.2863517578e+04 5.3912000000e-01
1.2870000000e+04 5.3934000000e-01
1.2873519531e+04 5.3946000000e-01
1.2880000000e+04 5.3976100000e-01
1.2883523438e+04 5.3992400000e-01
1.2890000000e+04 5.4029700000e-01
1.2893526367e+04 5.4065700000e-01
1.2900000000e+04 5.4140200000e-01
1.2903528320e+04 5.4165000000e-01
1.2910000000e+04 5.4207600000e-01
1.2913531250e+04 5.4230900000e-01
1.2920000000e+04 5.4274800000e-01
1.2923534180e+04 5.4298700000e-01
1.2930000000e+04 5.4338200000e-01
1.2933537109e+04 5.4375700000e-01
1.2940000000e+04 5.4434000000e-01
1.2943539062e+04 5.4450000000e-01
1.2950000000e+04 5.4475900000e-01
1.2953541992e+04 5.4490100000e-01
1.2960000000e+04 5.4512300000e-01
1.2963544922e+04 5.4524500000e-01
1.2970000000e+04 5.4532100000e-01
1.2973547852e+04 5.4536300000e-01
1.2980000000e+04 5.4524200000e-01
1.2983549805e+04 5.4533500000e-01
1.2990000000e+04 5.4543300000e-01
1.2993552734e+04 5.4532700000e-01
1.3000000000e+04 5.4503700000e-01
1.3003555664e+04 5.4494300000e-01
1.3010000000e+04 5.4461800000e-01
1.3013557617e+04 5.4443900000e-01
1.3020000000e+04 5.4396100000e-01
1.3023560547e+04 5.4385700000e-01
1.3030000000e+04 5.4358200000e-01
1.3033564453e+04 5.4326900000e-01
1.3040000000e+04 5.4261100000e-01
1.3043567383e+04 5.4224500000e-01
1.3050000000e+04 5.4151100000e-01
1.3053569336e+04 5.4110300000e-01
1.3060000000e+04 5.4029900000e-01
1.3063572266e+04 5.3985200000e-01
1.3070000000e+04 5.3897200000e-01
1.3073575195e+04 5.3864100000e-01
1.3080000000e+04 5.3804300000e-01
1.3083577148e+04 5.3755100000e-01
1.3090000000e+04 5.3667600000e-01
1.3093580078e+04 5.3618800000e-01
1.3100000000e+04 5.3538900000e-01
1.3103583008e+04 5.3494200000e-01
1.3110000000e+04 5.3417500000e-01
1.3113585938e+04 5.3374600000e-01
1.3120000000e+04 5.3310800000e-01
1.3123587891e+04 5.3290900000e-01
1.3130000000e+04 5.3276800000e-01
1.3133590820e+04 5.3253100000e-01
1.3140000000e+04 5.3214400000e-01
1.3143593750e+04 5.3192700000e-01
1.3150000000e+04 5.3169000000e-01
1.3153595703e+04 5.3155700000e-01
1.3160000000e+04 5.3146300000e-01
1.3163598633e+04 5.3156900000e-01
1.3170000000e+04 5.3194100000e-01
1.3173601562e+04 5.3199300000e-01
1.3180000000e+04 5.3227300000e-01
1.3183605469e+04 5.3243100000e-01
1.3190000000e+04 5.3285400000e-01
1.3193607422e+04 5.3309200000e-01
1.3200000000e+04 5.3369400000e-01
1.3203610352e+04 5.3399400000e-01
1.3210000000e+04 5.3479200000e-01
1.3213613281e+04 5.3540300000e-01
1.3220000000e+04 5.3652400000e-01
1.3223615234e+04 5.3699900000e-01
1.3230000000e+04 5.3798700000e-01
1.3233618164e+04 5.3854800000e-01
1.3240000000e+04 5.3962900000e-01
1.3243621094e+04 5.4024300000e-01
1.3250000000e+04 5.4139100000e-01
1.3253624023e+04 5.4204300000e-01
1.3260000000e+04 5.4323200000e-01
1.3263625977e+04 5.4390800000e-01
1.3270000000e+04 5.4518300000e-01
1.3273628906e+04 5.4607200000e-01
1.3280000000e+04 5.4750700000e-01
1.3283631836e+04 5.4816200000e-01
1.3290000000e+04 5.4927300000e-01
1.3293633789e+04 5.4990700000e-01
1.3300000000e+04 5.5089900000e-01
1.3303636719e+04 5.5146600000e-01
1.3310000000e+04 5.5228800000e-01
1.3313639648e+04 5.5275800000e-01
1.3320000000e+04 5.5339300000e-01
1.3323642578e+04 5.5392300000e-01
1.3330000000e+04 5.5466400000e-01
1.3333644531e+04 5.5492400000e-01
1.3340000000e+04 5.5511200000e-01
1.3343648438e+04 5.5522000000e-01
1.3350000000e+04 5.5511900000e-01
1.3353651367e+04 5.5506100000e-01
1.3360000000e+04 5.5471900000e-01
1.3363653320e+04 5.5452300000e-01
1.3370000000e+04 5.5393500000e-01
1.3373656250e+04 5.5359600000e-01
1.3380000000e+04 5.5275900000e-01
1.3383659180e+04 5.5244200000e-01
1.3390000000e+04 5.5164800000e-01
1.3393662109e+04 5.5102300000e-01
1.3400000000e+04 5.4975200000e-01
1.3403664062e+04 5.4890800000e-01
1.3410000000e+04 5.4730200000e-01
1.3413666992e+04 5.4637300000e-01
1.3420000000e+04 5.4467300000e-01
1.3423669922e+04 5.4368900000e-01
1.3430000000e+04 5.4191500000e-01
1.3433671875e+04 5.4088600000e-01
1.3440000000e+04 5.3905600000e-01
1.3443674805e+04 5.3815600000e-01
1.3450000000e+04 5.3665800000e-01
1.3453677734e+04 5.3562500000e-01
1.3460000000e+04 5.3392300000e-01
1.3463680664e+04 5.3293200000e-01
1.3470000000e+04 5.3130100000e-01
1.3473682617e+04 5.3035100000e-01
1.3480000000e+04 5.2884100000e-01
1.3483685547e+04 5.2796000000e-01
1.3490000000e+04 5.2666700000e-01
1.3493689453e+04 5.2591200000e-01
1.3500000000e+04 5.2487700000e-01
1.3503692383e+04 5.2440500000e-01
1.3510000000e+04 5.2380200000e-01
1.3513694336e+04 5.2329000000e-01
1.3520000000e+04 5.2264000000e-01
1.3523697266e+04 5.2226000000e-01
1.3530000000e+04 5.2182200000e-01
1.3533700195e+04 5.2156400000e-01
1.3540000000e+04 5.2133100000e-01
1.3543702148e+04 5.2119400000e-01
1.3550000000e+04 5.2126100000e-01
1.3553705078e+04 5.2130100000e-01
1.3560000000e+04 5.2145000000e-01
1.3563708008e+04 5.2153800000e-01
1.3570000000e+04 5.2175000000e-01
1.3573710938e+04 5.2203400000e-01
1.3580000000e+04 5.2263100000e-01
1.3583712891e+04 5.2282500000e-01
1.3590000000e+04 5.2317600000e-01
1.3593715820e+04 5.2338300000e-01
1.3600000000e+04 5.2370600000e-01
1.3603718750e+04 5.2352900000e-01
1.3610000000e+04 5.2313500000e-01
1.3613720703e+04 5.2290100000e-01
1.3620000000e+04 5.2238700000e-01
1.3623723633e+04 5.2208200000e-01
1.3630000000e+04 5.2143200000e-01
1.3633726562e+04 5.2104500000e-01
1.3640000000e+04 5.2014400000e-01
1.3643730469e+04 5.1960900000e-01
1.3650000000e+04 5.1845600000e-01
1.3653732422e+04 5.1792900000e-01
1.3660000000e+04 5.1687900000e-01
1.3663735352e+04 5.1609600000e-01
1.3670000000e+04 5.1452900000e-01
1.3673738281e+04 5.1359400000e-01
1.3680000000e+04 5.1174900000e-01
1.3683740234e+04 5.1064800000e-01
1.3690000000e+04 5.0871500000e-01
1.3693743164e+04 5.0756100000e-01
1.3700000000e+04 5.0561700000e-01
1.3703746094e+04 5.0445600000e-01
1.3710000000e+04 5.0251900000e-01
1.3713749023e+04 5.0136100000e-01
1.3720000000e+04 4.9968000000e-01
1.3723750977e+04 4.9867300000e-01
1.3730000000e+04 4.9729400000e-01
1.3733753906e+04 4.9646700000e-01
1.3740000000e+04 4.9525500000e-01
1.3743756836e+04 4.9467900000e-01
1.3750000000e+04 4.9391800000e-01
1.3753758789e+04 4.9330800000e-01
1.3760000000e+04 4.9272300000e-01
1.3763761719e+04 4.9237000000e-01
1.3770000000e+04 4.9221300000e-01
1.3773764648e+04 4.9211700000e-01
1.3780000000e+04 4.9230800000e-01
1.3783767578e+04 4.9242200000e-01
1.3790000000e+04 4.9283000000e-01
1.3793769531e+04 4.9307500000e-01
1.3800000000e+04 4.9372500000e-01
1.3803773438e+04 4.9422400000e-01
1.3810000000e+04 4.9500500000e-01
1.3813776367e+04 4.9547700000e-01
1.3820000000e+04 4.9598800000e-01
1.3823778320e+04 4.9629700000e-01
1.3830000000e+04 4.9640000000e-01
1.3833781250e+04 4.9720800000e-01
1.3840000000e+04 4.9800500000e-01
1.3843784180e+04 4.9849100000e-01
1.3850000000e+04 4.9857600000e-01
1.3853787109e+04 4.9878200000e-01
1.3860000000e+04 4.9831800000e-01
1.3863789062e+04 4.9787900000e-01
1.3870000000e+04 4.9641600000e-01
1.3873791992e+04 4.9552000000e-01
1.3880000000e+04 4.9351000000e-01
1.3883794922e+04 4.9227900000e-01
1.3890000000e+04 4.8996800000e-01
1.3893797852e+04 4.8854900000e-01
1.3900000000e+04 4.8629800000e-01
1.3903799805e+04 4.8491600000e-01
1.3910000000e+04 4.8281300000e-01
1.3913802734e+04 4.8151900000e-01
1.3920000000e+04 4.8001700000e-01
1.3923805664e+04 4.7909200000e-01
1.3930000000e+04 4.7814200000e-01
1.3933807617e+04 4.7755600000e-01
1.3940000000e+04 4.7651500000e-01
1.3943810547e+04 4.7587300000e-01
1.3950000000e+04 4.7367000000e-01
1.3953814453e+04 4.7230900000e-01
1.3960000000e+04 4.6734300000e-01
1.3963817383e+04 4.6427200000e-01
1.3970000000e+04 4.5430600000e-01
1.3973819336e+04 4.4813700000e-01
1.3980000000e+04 4.3112700000e-01
1.3983822266e+04 4.2058600000e-01
1.3990000000e+04 3.9613700000e-01
1.3993825195e+04 3.8096900000e-01
1.4000000000e+04 3.5008400000e-01
1.4003827148e+04 3.3078000000e-01
1.4010000000e+04 2.9501300000e-01
1.4013830078e+04 2.7279900000e-01
1.4020000000e+04 2.3668300000e-01
1.4023833008e+04 2.1422400000e-01
1.4030000000e+04 1.8065600000e-01
1.4033835938e+04 1.5975600000e-01
1.4040000000e+04 1.3191500000e-01
1.4043837891e+04 1.1456300000e-01
1.4050000000e+04 9.2930400000e-02
1.4053840820e+04 7.9433400000e-02
1.4060000000e+04 6.3661300000e-02
1.4063843750e+04 5.3808700000e-02
1.4070000000e+04 4.2314500000e-02
1.4073845703e+04 3.5138200000e-02
1.4080000000e+04 2.7565200000e-02
1.4083848633e+04 2.2813600000e-02
1.4090000000e+04 1.8211600000e-02
1.4093851562e+04 1.5327300000e-02
1.4100000000e+04 1.2247900000e-02
1.4103855469e+04 1.0315000000e-02
1.4110000000e+04 8.2272300000e-03
1.4113857422e+04 6.9152500000e-03
1.4120000000e+04 5.7414400000e-03
1.4123860352e+04 5.0030200000e-03
1.4130000000e+04 4.1845000000e-03
1.4133863281e+04 3.6689500000e-03
1.4140000000e+04 3.1658400000e-03
1.4143865234e+04 2.8486500000e-03
1.4150000000e+04 2.2985500000e-03
1.4153868164e+04 1.9513500000e-03
1.4160000000e+04 1.5896800000e-03
1.4163871094e+04 1.3611300000e-03
1.4170000000e+04 1.1039500000e-03
1.4173874023e+04 9.4123300000e-04
1.4180000000e+04 7.0665800000e-04
1.4183875977e+04 5.5809400000e-04
1.4190000000e+04 5.6145300000e-04
1.4193878906e+04 5.6340400000e-04
1.4200000000e+04 4.9883300000e-04
1.4203881836e+04 4.5786100000e-04
1.4210000000e+04 3.9242700000e-04
1.4213883789e+04 3.5088700000e-04
1.4220000000e+04 3.1665400000e-04
1.4223886719e+04 2.9489800000e-04
1.4230000000e+04 2.4316900000e-04
1.4233889648e+04 2.1025300000e-04
1.4240000000e+04 1.7957700000e-04
1.4243892578e+04 1.6003400000e-04
1.4250000000e+04 1.4385200000e-04
1.4253894531e+04 1.3353200000e-04
1.4260000000e+04 1.3179600000e-04
1.4263898438e+04 1.3068700000e-04
