# photband: HST_WFC3_F475W
# source: SVO Filter Profile Service
# svo_id: HST/WFC3_UVIS1.F475W
# detector_type: 1
# response_type: photon
# components: Filter + CCD + Instrument
# profile_reference: https://www.stsci.edu/hst/instrumentation/wfc3/performance/throughputs
# wavelength_unit: Angstrom
# columns: wavelength transmission
3.8930000000e+03 5.7117300000e-05
3.8940000000e+03 6.1633700000e-05
3.8950000000e+03 6.6155100000e-05
3.8960000000e+03 7.0681500000e-05
3.8970000000e+03 7.5219400000e-05
3.8980000000e+03 7.9756100000e-05
3.8990000000e+03 8.4297800000e-05
3.9000000000e+03 8.8844600000e-05
3.9010000000e+03 9.3404300000e-05
3.9011049800e+03 9.3882400000e-05
3.9020000000e+03 1.0416900000e-04
3.9030000000e+03 1.1567300000e-04
3.9040000000e+03 1.2719100000e-04
3.9050000000e+03 1.3873300000e-04
3.9060000000e+03 1.5027600000e-04
3.9070000000e+03 1.6183300000e-04
3.9080000000e+03 1.7340200000e-04
3.9090000000e+03 1.8499900000e-04
3.9100000000e+03 1.9659500000e-04
3.9110000000e+03 2.0820200000e-04
3.9111074220e+03 2.0945000000e-04
3.9120000000e+03 2.3227300000e-04
3.9130000000e+03 2.5789200000e-04
3.9140000000e+03 2.8351900000e-04
3.9150000000e+03 3.0917400000e-04
3.9160000000e+03 3.3485600000e-04
3.9170000000e+03 3.6059800000e-04
3.9180000000e+03 3.8633900000e-04
3.9190000000e+03 4.1210700000e-04
3.9200000000e+03 4.3790400000e-04
3.9210000000e+03 4.6376800000e-04
3.9211101070e+03 4.6661400000e-04
3.9220000000e+03 5.1878400000e-04
3.9230000000e+03 5.7747000000e-04
3.9240000000e+03 6.3622000000e-04
3.9250000000e+03 6.9509300000e-04
3.9260000000e+03 7.5397500000e-04
3.9270000000e+03 8.1292000000e-04
3.9280000000e+03 8.7192900000e-04
3.9290000000e+03 9.3108300000e-04
3.9300000000e+03 9.9022400000e-04
3.9310000000e+03 1.0494300000e-03
3.9311127930e+03 1.0561100000e-03
3.9320000000e+03 1.1734500000e-03
3.9330000000e+03 1.3059600000e-03
3.9340000000e+03 1.4385100000e-03
3.9350000000e+03 1.5712000000e-03
3.9360000000e+03 1.7040300000e-03
3.9370000000e+03 1.8371700000e-03
3.9380000000e+03 1.9703000000e-03
3.9390000000e+03 2.1035700000e-03
3.9400000000e+03 2.2369900000e-03
3.9410000000e+03 2.3707500000e-03
3.9411154790e+03 2.3861800000e-03
3.9420000000e+03 2.6382100000e-03
3.9430000000e+03 2.9234300000e-03
3.9440000000e+03 3.2089500000e-03
3.9450000000e+03 3.4950900000e-03
3.9460000000e+03 3.7812400000e-03
3.9470000000e+03 4.0677100000e-03
3.9480000000e+03 4.3544800000e-03
3.9490000000e+03 4.6419500000e-03
3.9500000000e+03 4.9293600000e-03
3.9510000000e+03 5.2170600000e-03
3.9511179200e+03 5.2510100000e-03
3.9520000000e+03 5.7593100000e-03
3.9530000000e+03 6.3366800000e-03
3.9540000000e+03 6.9141800000e-03
3.9550000000e+03 7.4922800000e-03
3.9560000000e+03 8.0710000000e-03
3.9570000000e+03 8.6510700000e-03
3.9580000000e+03 9.2310600000e-03
3.9590000000e+03 9.8116700000e-03
3.9600000000e+03 1.0392900000e-02
3.9610000000e+03 1.0974700000e-02
3.9611206050e+03 1.1045000000e-02
3.9620000000e+03 1.1978200000e-02
3.9630000000e+03 1.3039500000e-02
3.9640000000e+03 1.4101800000e-02
3.9650000000e+03 1.5165300000e-02
3.9660000000e+03 1.6231400000e-02
3.9670000000e+03 1.7297200000e-02
3.9680000000e+03 1.8364100000e-02
3.9690000000e+03 1.9432200000e-02
3.9700000000e+03 2.0503100000e-02
3.9710000000e+03 2.1573500000e-02
3.9711232910e+03 2.1705500000e-02
3.9720000000e+03 2.3185600000e-02
3.9730000000e+03 2.4875500000e-02
3.9740000000e+03 2.6569400000e-02
3.9750000000e+03 2.8263000000e-02
3.9760000000e+03 2.9958300000e-02
3.9770000000e+03 3.1655400000e-02
3.9780000000e+03 3.3357100000e-02
3.9790000000e+03 3.5057800000e-02
3.9800000000e+03 3.6760400000e-02
3.9810000000e+03 3.8464600000e-02
3.9811257320e+03 3.8679400000e-02
3.9820000000e+03 4.0562400000e-02
3.9830000000e+03 4.2715000000e-02
3.9840000000e+03 4.4869800000e-02
3.9850000000e+03 4.7026900000e-02
3.9860000000e+03 4.9186100000e-02
3.9870000000e+03 5.1352000000e-02
3.9880000000e+03 5.3515900000e-02
3.9890000000e+03 5.5682100000e-02
3.9900000000e+03 5.7850400000e-02
3.9910000000e+03 6.0026100000e-02
3.9911284180e+03 6.0305000000e-02
3.9920000000e+03 6.2344800000e-02
3.9930000000e+03 6.4687500000e-02
3.9940000000e+03 6.7032500000e-02
3.9950000000e+03 6.9385900000e-02
3.9960000000e+03 7.1735900000e-02
3.9970000000e+03 7.4088300000e-02
3.9980000000e+03 7.6443100000e-02
3.9990000000e+03 7.8807100000e-02
4.0000000000e+03 8.1166900000e-02
4.0010000000e+03 8.3498000000e-02
4.0011311040e+03 8.3803700000e-02
4.0020000000e+03 8.5789100000e-02
4.0030000000e+03 8.8074800000e-02
4.0040000000e+03 9.0368900000e-02
4.0050000000e+03 9.2656000000e-02
4.0060000000e+03 9.4943800000e-02
4.0070000000e+03 9.7232300000e-02
4.0080000000e+03 9.9530000000e-02
4.0090000000e+03 1.0182000000e-01
4.0100000000e+03 1.0411100000e-01
4.0110000000e+03 1.0640200000e-01
4.0111335450e+03 1.0670900000e-01
4.0120000000e+03 1.0840000000e-01
4.0130000000e+03 1.1034300000e-01
4.0140000000e+03 1.1228600000e-01
4.0150000000e+03 1.1423000000e-01
4.0160000000e+03 1.1618400000e-01
4.0170000000e+03 1.1812900000e-01
4.0180000000e+03 1.2007500000e-01
4.0190000000e+03 1.2202100000e-01
4.0200000000e+03 1.2396800000e-01
4.0210000000e+03 1.2592600000e-01
4.0211362300e+03 1.2619200000e-01
4.0220000000e+03 1.2751700000e-01
4.0230000000e+03 1.2905100000e-01
4.0240000000e+03 1.3058500000e-01
4.0250000000e+03 1.3213200000e-01
4.0260000000e+03 1.3366800000e-01
4.0270000000e+03 1.3520400000e-01
4.0280000000e+03 1.3674000000e-01
4.0290000000e+03 1.3828900000e-01
4.0300000000e+03 1.3982700000e-01
4.0310000000e+03 1.4137300000e-01
4.0311389160e+03 1.4158800000e-01
4.0320000000e+03 1.4259900000e-01
4.0330000000e+03 1.4377300000e-01
4.0340000000e+03 1.4496000000e-01
4.0350000000e+03 1.4613500000e-01
4.0360000000e+03 1.4731100000e-01
4.0370000000e+03 1.4848700000e-01
4.0380000000e+03 1.4967700000e-01
4.0390000000e+03 1.5085400000e-01
4.0400000000e+03 1.5203200000e-01
4.0410000000e+03 1.5321000000e-01
4.0411416020e+03 1.5337600000e-01
4.0420000000e+03 1.5413000000e-01
4.0430000000e+03 1.5502200000e-01
4.0440000000e+03 1.5590000000e-01
4.0450000000e+03 1.5677900000e-01
4.0460000000e+03 1.5765900000e-01
4.0470000000e+03 1.5855200000e-01
4.0480000000e+03 1.5943200000e-01
4.0490000000e+03 1.6031300000e-01
4.0500000000e+03 1.6119400000e-01
4.0510000000e+03 1.6208800000e-01
4.0511440430e+03 1.6221500000e-01
4.0520000000e+03 1.6276400000e-01
4.0530000000e+03 1.6340500000e-01
4.0540000000e+03 1.6404700000e-01
4.0550000000e+03 1.6468900000e-01
4.0560000000e+03 1.6534500000e-01
4.0570000000e+03 1.6598700000e-01
4.0580000000e+03 1.6663000000e-01
4.0590000000e+03 1.6727300000e-01
4.0600000000e+03 1.6793000000e-01
4.0610000000e+03 1.6857400000e-01
4.0611467290e+03 1.6866800000e-01
4.0620000000e+03 1.6909300000e-01
4.0630000000e+03 1.6959200000e-01
4.0640000000e+03 1.7009100000e-01
4.0650000000e+03 1.7060500000e-01
4.0660000000e+03 1.7110400000e-01
4.0670000000e+03 1.7160400000e-01
4.0680000000e+03 1.7210300000e-01
4.0690000000e+03 1.7261800000e-01
4.0700000000e+03 1.7311800000e-01
4.0710000000e+03 1.7361800000e-01
4.0711494140e+03 1.7369300000e-01
4.0720000000e+03 1.7403300000e-01
4.0730000000e+03 1.7443200000e-01
4.0740000000e+03 1.7484700000e-01
4.0750000000e+03 1.7524700000e-01
4.0760000000e+03 1.7564700000e-01
4.0770000000e+03 1.7604700000e-01
4.0780000000e+03 1.7646300000e-01
4.0790000000e+03 1.7686300000e-01
4.0800000000e+03 1.7726400000e-01
4.0810000000e+03 1.7766400000e-01
4.0811518550e+03 1.7772500000e-01
4.0820000000e+03 1.7799000000e-01
4.0830000000e+03 1.7831700000e-01
4.0840000000e+03 1.7862900000e-01
4.0850000000e+03 1.7894100000e-01
4.0860000000e+03 1.7925400000e-01
4.0870000000e+03 1.7958100000e-01
4.0880000000e+03 1.7989400000e-01
4.0890000000e+03 1.8020700000e-01
4.0900000000e+03 1.8051900000e-01
4.0910000000e+03 1.8083200000e-01
4.0911545410e+03 1.8088300000e-01
4.0920000000e+03 1.8114200000e-01
4.0930000000e+03 1.8143400000e-01
4.0940000000e+03 1.8172500000e-01
4.0950000000e+03 1.8201700000e-01
4.0960000000e+03 1.8232500000e-01
4.0970000000e+03 1.8261700000e-01
4.0980000000e+03 1.8290900000e-01
4.0990000000e+03 1.8320100000e-01
4.1000000000e+03 1.8349300000e-01
4.1010000000e+03 1.8380100000e-01
4.1011572270e+03 1.8384700000e-01
4.1020000000e+03 1.8403300000e-01
4.1030000000e+03 1.8425400000e-01
4.1040000000e+03 1.8447500000e-01
4.1050000000e+03 1.8471200000e-01
4.1060000000e+03 1.8493300000e-01
4.1070000000e+03 1.8515500000e-01
4.1080000000e+03 1.8537600000e-01
4.1090000000e+03 1.8559800000e-01
4.1100000000e+03 1.8583500000e-01
4.1110000000e+03 1.8605700000e-01
4.1111596680e+03 1.8609200000e-01
4.1120000000e+03 1.8626200000e-01
4.1130000000e+03 1.8646500000e-01
4.1140000000e+03 1.8666700000e-01
4.1150000000e+03 1.8688600000e-01
4.1160000000e+03 1.8708800000e-01
4.1170000000e+03 1.8729100000e-01
4.1180000000e+03 1.8749400000e-01
4.1190000000e+03 1.8771200000e-01
4.1200000000e+03 1.8791500000e-01
4.1210000000e+03 1.8811800000e-01
4.1211625980e+03 1.8815100000e-01
4.1220000000e+03 1.8833900000e-01
4.1230000000e+03 1.8856300000e-01
4.1240000000e+03 1.8880400000e-01
4.1250000000e+03 1.8902800000e-01
4.1260000000e+03 1.8925300000e-01
4.1270000000e+03 1.8947700000e-01
4.1280000000e+03 1.8970200000e-01
4.1290000000e+03 1.8994300000e-01
4.1300000000e+03 1.9016800000e-01
4.1310000000e+03 1.9039200000e-01
4.1311650390e+03 1.9042900000e-01
4.1320000000e+03 1.9059400000e-01
4.1330000000e+03 1.9080700000e-01
4.1340000000e+03 1.9100400000e-01
4.1350000000e+03 1.9120100000e-01
4.1360000000e+03 1.9139900000e-01
4.1370000000e+03 1.9159600000e-01
4.1380000000e+03 1.9181000000e-01
4.1390000000e+03 1.9200700000e-01
4.1400000000e+03 1.9220400000e-01
4.1410000000e+03 1.9240200000e-01
4.1411674800e+03 1.9243500000e-01
4.1420000000e+03 1.9263900000e-01
4.1430000000e+03 1.9290200000e-01
4.1440000000e+03 1.9314800000e-01
4.1450000000e+03 1.9339400000e-01
4.1460000000e+03 1.9364000000e-01
4.1470000000e+03 1.9390300000e-01
4.1480000000e+03 1.9414900000e-01
4.1490000000e+03 1.9439500000e-01
4.1500000000e+03 1.9464200000e-01
4.1510000000e+03 1.9488800000e-01
4.1511704100e+03 1.9493300000e-01
4.1520000000e+03 1.9515800000e-01
4.1530000000e+03 1.9541200000e-01
4.1540000000e+03 1.9566700000e-01
4.1550000000e+03 1.9592100000e-01
4.1560000000e+03 1.9617600000e-01
4.1570000000e+03 1.9644700000e-01
4.1580000000e+03 1.9670200000e-01
4.1590000000e+03 1.9695700000e-01
4.1600000000e+03 1.9721200000e-01
4.1610000000e+03 1.9746700000e-01
4.1611728520e+03 1.9751400000e-01
4.1620000000e+03 1.9776300000e-01
4.1630000000e+03 1.9804700000e-01
4.1640000000e+03 1.9833100000e-01
4.1650000000e+03 1.9861600000e-01
4.1660000000e+03 1.9890000000e-01
4.1670000000e+03 1.9920100000e-01
4.1680000000e+03 1.9948600000e-01
4.1690000000e+03 1.9977100000e-01
4.1700000000e+03 2.0005500000e-01
4.1710000000e+03 2.0035700000e-01
4.1711752930e+03 2.0040700000e-01
4.1720000000e+03 2.0067000000e-01
4.1730000000e+03 2.0098800000e-01
4.1740000000e+03 2.0130600000e-01
4.1750000000e+03 2.0162400000e-01
4.1760000000e+03 2.0196000000e-01
4.1770000000e+03 2.0227900000e-01
4.1780000000e+03 2.0259700000e-01
4.1790000000e+03 2.0291600000e-01
4.1800000000e+03 2.0323500000e-01
4.1810000000e+03 2.0357200000e-01
4.1811782230e+03 2.0362800000e-01
4.1820000000e+03 2.0387300000e-01
4.1830000000e+03 2.0417000000e-01
4.1840000000e+03 2.0446700000e-01
4.1850000000e+03 2.0476400000e-01
4.1860000000e+03 2.0507900000e-01
4.1870000000e+03 2.0537700000e-01
4.1880000000e+03 2.0567500000e-01
4.1890000000e+03 2.0597200000e-01
4.1900000000e+03 2.0627000000e-01
4.1910000000e+03 2.0658600000e-01
4.1911806640e+03 2.0664000000e-01
4.1920000000e+03 2.0687900000e-01
4.1930000000e+03 2.0717200000e-01
4.1940000000e+03 2.0746500000e-01
4.1950000000e+03 2.0775800000e-01
4.1960000000e+03 2.0806900000e-01
4.1970000000e+03 2.0836300000e-01
4.1980000000e+03 2.0865600000e-01
4.1990000000e+03 2.0895000000e-01
4.2000000000e+03 2.0924300000e-01
4.2010000000e+03 2.0955500000e-01
4.2011835940e+03 2.0960900000e-01
4.2020000000e+03 2.0982600000e-01
4.2030000000e+03 2.1009200000e-01
4.2040000000e+03 2.1035800000e-01
4.2050000000e+03 2.1062400000e-01
4.2060000000e+03 2.1090800000e-01
4.2070000000e+03 2.1117500000e-01
4.2080000000e+03 2.1144100000e-01
4.2090000000e+03 2.1170800000e-01
4.2100000000e+03 2.1197500000e-01
4.2110000000e+03 2.1225900000e-01
4.2111860350e+03 2.1230900000e-01
4.2120000000e+03 2.1249200000e-01
4.2130000000e+03 2.1271600000e-01
4.2140000000e+03 2.1294100000e-01
4.2150000000e+03 2.1316500000e-01
4.2160000000e+03 2.1340800000e-01
4.2170000000e+03 2.1363300000e-01
4.2180000000e+03 2.1385800000e-01
4.2190000000e+03 2.1408300000e-01
4.2200000000e+03 2.1430800000e-01
4.2210000000e+03 2.1455100000e-01
4.2211884770e+03 2.1459300000e-01
4.2220000000e+03 2.1473600000e-01
4.2230000000e+03 2.1491100000e-01
4.2240000000e+03 2.1508700000e-01
4.2250000000e+03 2.1526200000e-01
4.2260000000e+03 2.1545600000e-01
4.2270000000e+03 2.1563200000e-01
4.2280000000e+03 2.1580800000e-01
4.2290000000e+03 2.1598300000e-01
4.2300000000e+03 2.1615900000e-01
4.2310000000e+03 2.1634500000e-01
4.2311914060e+03 2.1637700000e-01
4.2320000000e+03 2.1645000000e-01
4.2330000000e+03 2.1654000000e-01
4.2340000000e+03 2.1663000000e-01
4.2350000000e+03 2.1672000000e-01
4.2360000000e+03 2.1682900000e-01
4.2370000000e+03 2.1691900000e-01
4.2380000000e+03 2.1700900000e-01
4.2390000000e+03 2.1709900000e-01
4.2400000000e+03 2.1718900000e-01
4.2410000000e+03 2.1729700000e-01
4.2411938480e+03 2.1731500000e-01
4.2420000000e+03 2.1735000000e-01
4.2430000000e+03 2.1739500000e-01
4.2440000000e+03 2.1743900000e-01
4.2450000000e+03 2.1748300000e-01
4.2460000000e+03 2.1754600000e-01
4.2470000000e+03 2.1759000000e-01
4.2480000000e+03 2.1763500000e-01
4.2490000000e+03 2.1767900000e-01
4.2500000000e+03 2.1772300000e-01
4.2510000000e+03 2.1776700000e-01
4.2511962890e+03 2.1778000000e-01
4.2520000000e+03 2.1779400000e-01
4.2530000000e+03 2.1779200000e-01
4.2540000000e+03 2.1779100000e-01
4.2550000000e+03 2.1779000000e-01
4.2560000000e+03 2.1778900000e-01
4.2570000000e+03 2.1780600000e-01
4.2580000000e+03 2.1780500000e-01
4.2590000000e+03 2.1780300000e-01
4.2600000000e+03 2.1780200000e-01
4.2610000000e+03 2.1780100000e-01
4.2611992190e+03 2.1780400000e-01
4.2620000000e+03 2.1781000000e-01
4.2630000000e+03 2.1780000000e-01
4.2640000000e+03 2.1778900000e-01
4.2650000000e+03 2.1777800000e-01
4.2660000000e+03 2.1776700000e-01
4.2670000000e+03 2.1777500000e-01
4.2680000000e+03 2.1776400000e-01
4.2690000000e+03 2.1775400000e-01
4.2700000000e+03 2.1774300000e-01
4.2710000000e+03 2.1773200000e-01
4.2712016600e+03 2.1773000000e-01
4.2720000000e+03 2.1771300000e-01
4.2730000000e+03 2.1771100000e-01
4.2740000000e+03 2.1769100000e-01
4.2750000000e+03 2.1767000000e-01
4.2760000000e+03 2.1765000000e-01
4.2770000000e+03 2.1762900000e-01
4.2780000000e+03 2.1762700000e-01
4.2790000000e+03 2.1760600000e-01
4.2800000000e+03 2.1758600000e-01
4.2810000000e+03 2.1756500000e-01
4.2812045900e+03 2.1756100000e-01
4.2820000000e+03 2.1759500000e-01
4.2830000000e+03 2.1765600000e-01
4.2840000000e+03 2.1769800000e-01
4.2850000000e+03 2.1774100000e-01
4.2860000000e+03 2.1778300000e-01
4.2870000000e+03 2.1782600000e-01
4.2880000000e+03 2.1786800000e-01
4.2890000000e+03 2.1793000000e-01
4.2900000000e+03 2.1797200000e-01
4.2910000000e+03 2.1801500000e-01
4.2912070310e+03 2.1802300000e-01
4.2920000000e+03 2.1809400000e-01
4.2930000000e+03 2.1818300000e-01
4.2940000000e+03 2.1829000000e-01
4.2950000000e+03 2.1837900000e-01
4.2960000000e+03 2.1846800000e-01
4.2970000000e+03 2.1855700000e-01
4.2980000000e+03 2.1864600000e-01
4.2990000000e+03 2.1875300000e-01
4.3000000000e+03 2.1884200000e-01
4.3010000000e+03 2.1893100000e-01
4.3012094730e+03 2.1895000000e-01
4.3020000000e+03 2.1907200000e-01
4.3030000000e+03 2.1922700000e-01
4.3040000000e+03 2.1938200000e-01
4.3050000000e+03 2.1955500000e-01
4.3060000000e+03 2.1971000000e-01
4.3070000000e+03 2.1986500000e-01
4.3080000000e+03 2.2002000000e-01
4.3090000000e+03 2.2017500000e-01
4.3100000000e+03 2.2034900000e-01
4.3110000000e+03 2.2050400000e-01
4.3112124020e+03 2.2053700000e-01
4.3120000000e+03 2.2070600000e-01
4.3130000000e+03 2.2092200000e-01
4.3140000000e+03 2.2113800000e-01
4.3150000000e+03 2.2135300000e-01
4.3160000000e+03 2.2158800000e-01
4.3170000000e+03 2.2180400000e-01
4.3180000000e+03 2.2202000000e-01
4.3190000000e+03 2.2223500000e-01
4.3200000000e+03 2.2245100000e-01
4.3210000000e+03 2.2268600000e-01
4.3212148440e+03 2.2273300000e-01
4.3220000000e+03 2.2292700000e-01
4.3230000000e+03 2.2317500000e-01
4.3240000000e+03 2.2342200000e-01
4.3250000000e+03 2.2367000000e-01
4.3260000000e+03 2.2391800000e-01
4.3270000000e+03 2.2418500000e-01
4.3280000000e+03 2.2443300000e-01
4.3290000000e+03 2.2468100000e-01
4.3300000000e+03 2.2492900000e-01
4.3310000000e+03 2.2517700000e-01
4.3312177730e+03 2.2523500000e-01
4.3320000000e+03 2.2546600000e-01
4.3330000000e+03 2.2574300000e-01
4.3340000000e+03 2.2602000000e-01
4.3350000000e+03 2.2629700000e-01
4.3360000000e+03 2.2657300000e-01
4.3370000000e+03 2.2685000000e-01
4.3380000000e+03 2.2714700000e-01
4.3390000000e+03 2.2742400000e-01
4.3400000000e+03 2.2770100000e-01
4.3410000000e+03 2.2797800000e-01
4.3412202150e+03 2.2803900000e-01
4.3420000000e+03 2.2823500000e-01
4.3430000000e+03 2.2848600000e-01
4.3440000000e+03 2.2875600000e-01
4.3450000000e+03 2.2900700000e-01
4.3460000000e+03 2.2925800000e-01
4.3470000000e+03 2.2950900000e-01
4.3480000000e+03 2.2976000000e-01
4.3490000000e+03 2.3003100000e-01
4.3500000000e+03 2.3028200000e-01
4.3510000000e+03 2.3053300000e-01
4.3512226560e+03 2.3058900000e-01
4.3520000000e+03 2.3074600000e-01
4.3530000000e+03 2.3094900000e-01
4.3540000000e+03 2.3115100000e-01
4.3550000000e+03 2.3137300000e-01
4.3560000000e+03 2.3157500000e-01
4.3570000000e+03 2.3177700000e-01
4.3580000000e+03 2.3198000000e-01
4.3590000000e+03 2.3218200000e-01
4.3600000000e+03 2.3238500000e-01
4.3610000000e+03 2.3260700000e-01
4.3612255860e+03 2.3265300000e-01
4.3620000000e+03 2.3277300000e-01
4.3630000000e+03 2.3292800000e-01
4.3640000000e+03 2.3308300000e-01
4.3650000000e+03 2.3323800000e-01
4.3660000000e+03 2.3341400000e-01
4.3670000000e+03 2.3356900000e-01
4.3680000000e+03 2.3372400000e-01
4.3690000000e+03 2.3388000000e-01
4.3700000000e+03 2.3403500000e-01
4.3710000000e+03 2.3419000000e-01
4.3712280270e+03 2.3423000000e-01
4.3720000000e+03 2.3430400000e-01
4.3730000000e+03 2.3437900000e-01
4.3740000000e+03 2.3445500000e-01
4.3750000000e+03 2.3453000000e-01
4.3760000000e+03 2.3460500000e-01
4.3770000000e+03 2.3468100000e-01
4.3780000000e+03 2.3477600000e-01
4.3790000000e+03 2.3485200000e-01
4.3800000000e+03 2.3492700000e-01
4.3810000000e+03 2.3500300000e-01
4.3812304690e+03 2.3502000000e-01
4.3820000000e+03 2.3505000000e-01
4.3830000000e+03 2.3509000000e-01
4.3840000000e+03 2.3515000000e-01
4.3850000000e+03 2.3518900000e-01
4.3860000000e+03 2.3522900000e-01
4.3870000000e+03 2.3526900000e-01
4.3880000000e+03 2.3530800000e-01
4.3890000000e+03 2.3534800000e-01
4.3900000000e+03 2.3540800000e-01
4.3910000000e+03 2.3544700000e-01
4.3912333980e+03 2.3545700000e-01
4.3920000000e+03 2.3545200000e-01
4.3930000000e+03 2.3544500000e-01
4.3940000000e+03 2.3543800000e-01
4.3950000000e+03 2.3543200000e-01
4.3960000000e+03 2.3544500000e-01
4.3970000000e+03 2.3543900000e-01
4.3980000000e+03 2.3543200000e-01
4.3990000000e+03 2.3542500000e-01
4.4000000000e+03 2.3541900000e-01
4.4010000000e+03 2.3543200000e-01
4.4012358400e+03 2.3543100000e-01
4.4020000000e+03 2.3542100000e-01
4.4030000000e+03 2.3540800000e-01
4.4040000000e+03 2.3539500000e-01
4.4050000000e+03 2.3538200000e-01
4.4060000000e+03 2.3536900000e-01
4.4070000000e+03 2.3537600000e-01
4.4080000000e+03 2.3536300000e-01
4.4090000000e+03 2.3535000000e-01
4.4100000000e+03 2.3533600000e-01
4.4110000000e+03 2.3532300000e-01
4.4112387700e+03 2.3532000000e-01
4.4120000000e+03 2.3534200000e-01
4.4130000000e+03 2.3537100000e-01
4.4140000000e+03 2.3542000000e-01
4.4150000000e+03 2.3544900000e-01
4.4160000000e+03 2.3547800000e-01
4.4170000000e+03 2.3550600000e-01
4.4180000000e+03 2.3553500000e-01
4.4190000000e+03 2.3556400000e-01
4.4200000000e+03 2.3561300000e-01
4.4210000000e+03 2.3564200000e-01
4.4212412110e+03 2.3564900000e-01
4.4220000000e+03 2.3569900000e-01
4.4230000000e+03 2.3576500000e-01
4.4240000000e+03 2.3583100000e-01
4.4250000000e+03 2.3589800000e-01
4.4260000000e+03 2.3598400000e-01
4.4270000000e+03 2.3605000000e-01
4.4280000000e+03 2.3611700000e-01
4.4290000000e+03 2.3618300000e-01
4.4300000000e+03 2.3624900000e-01
4.4310000000e+03 2.3632500000e-01
4.4312441410e+03 2.3634800000e-01
4.4320000000e+03 2.3646200000e-01
4.4330000000e+03 2.3659400000e-01
4.4340000000e+03 2.3672500000e-01
4.4350000000e+03 2.3685600000e-01
4.4360000000e+03 2.3698700000e-01
4.4370000000e+03 2.3711900000e-01
4.4380000000e+03 2.3727000000e-01
4.4390000000e+03 2.3740200000e-01
4.4400000000e+03 2.3753300000e-01
4.4410000000e+03 2.3766500000e-01
4.4412465820e+03 2.3769700000e-01
4.4420000000e+03 2.3784100000e-01
4.4430000000e+03 2.3803200000e-01
4.4440000000e+03 2.3824400000e-01
4.4450000000e+03 2.3843500000e-01
4.4460000000e+03 2.3862600000e-01
4.4470000000e+03 2.3881800000e-01
4.4480000000e+03 2.3900900000e-01
4.4490000000e+03 2.3920100000e-01
4.4500000000e+03 2.3941300000e-01
4.4510000000e+03 2.3960400000e-01
4.4512490230e+03 2.3965200000e-01
4.4520000000e+03 2.3983600000e-01
4.4530000000e+03 2.4008100000e-01
4.4540000000e+03 2.4032600000e-01
4.4550000000e+03 2.4057100000e-01
4.4560000000e+03 2.4081700000e-01
4.4570000000e+03 2.4108300000e-01
4.4580000000e+03 2.4132800000e-01
4.4590000000e+03 2.4157300000e-01
4.4600000000e+03 2.4181900000e-01
4.4610000000e+03 2.4206500000e-01
4.4612519530e+03 2.4212700000e-01
4.4620000000e+03 2.4232600000e-01
4.4630000000e+03 2.4261300000e-01
4.4640000000e+03 2.4288000000e-01
4.4650000000e+03 2.4314600000e-01
4.4660000000e+03 2.4341300000e-01
4.4670000000e+03 2.4368000000e-01
4.4680000000e+03 2.4394700000e-01
4.4690000000e+03 2.4423500000e-01
4.4700000000e+03 2.4450200000e-01
4.4710000000e+03 2.4476900000e-01
4.4712543950e+03 2.4483700000e-01
4.4720000000e+03 2.4505100000e-01
4.4730000000e+03 2.4533900000e-01
4.4740000000e+03 2.4562600000e-01
4.4750000000e+03 2.4591400000e-01
4.4760000000e+03 2.4622300000e-01
4.4770000000e+03 2.4651000000e-01
4.4780000000e+03 2.4679800000e-01
4.4790000000e+03 2.4708600000e-01
4.4800000000e+03 2.4737400000e-01
4.4810000000e+03 2.4766300000e-01
4.4812573240e+03 2.4774200000e-01
4.4820000000e+03 2.4796000000e-01
4.4830000000e+03 2.4823300000e-01
4.4840000000e+03 2.4850600000e-01
4.4850000000e+03 2.4877900000e-01
4.4860000000e+03 2.4905200000e-01
4.4870000000e+03 2.4932500000e-01
4.4880000000e+03 2.4959800000e-01
4.4890000000e+03 2.4989300000e-01
4.4900000000e+03 2.5016600000e-01
4.4910000000e+03 2.5043900000e-01
4.4912597660e+03 2.5051000000e-01
4.4920000000e+03 2.5068200000e-01
4.4930000000e+03 2.5091400000e-01
4.4940000000e+03 2.5114700000e-01
4.4950000000e+03 2.5140000000e-01
4.4960000000e+03 2.5163300000e-01
4.4970000000e+03 2.5186500000e-01
4.4980000000e+03 2.5209800000e-01
4.4990000000e+03 2.5233000000e-01
4.5000000000e+03 2.5256300000e-01
4.5010000000e+03 2.5277000000e-01
4.5012622070e+03 2.5283000000e-01
4.5020000000e+03 2.5297700000e-01
4.5030000000e+03 2.5315400000e-01
4.5040000000e+03 2.5333200000e-01
4.5050000000e+03 2.5350900000e-01
4.5060000000e+03 2.5368700000e-01
4.5070000000e+03 2.5386500000e-01
4.5080000000e+03 2.5404200000e-01
4.5090000000e+03 2.5424200000e-01
4.5100000000e+03 2.5441900000e-01
4.5110000000e+03 2.5459700000e-01
4.5112651370e+03 2.5464400000e-01
4.5120000000e+03 2.5472000000e-01
4.5130000000e+03 2.5482400000e-01
4.5140000000e+03 2.5492800000e-01
4.5150000000e+03 2.5505300000e-01
4.5160000000e+03 2.5515700000e-01
4.5170000000e+03 2.5526100000e-01
4.5180000000e+03 2.5536500000e-01
4.5190000000e+03 2.5546800000e-01
4.5200000000e+03 2.5557200000e-01
4.5210000000e+03 2.5567600000e-01
4.5212675780e+03 2.5571000000e-01
4.5220000000e+03 2.5578900000e-01
4.5230000000e+03 2.5587600000e-01
4.5240000000e+03 2.5596300000e-01
4.5250000000e+03 2.5605000000e-01
4.5260000000e+03 2.5613700000e-01
4.5270000000e+03 2.5622300000e-01
4.5280000000e+03 2.5631000000e-01
4.5290000000e+03 2.5641900000e-01
4.5300000000e+03 2.5650600000e-01
4.5310000000e+03 2.5659300000e-01
4.5312705080e+03 2.5661700000e-01
4.5320000000e+03 2.5666300000e-01
4.5330000000e+03 2.5672800000e-01
4.5340000000e+03 2.5679200000e-01
4.5350000000e+03 2.5685600000e-01
4.5360000000e+03 2.5694200000e-01
4.5370000000e+03 2.5700600000e-01
4.5380000000e+03 2.5707000000e-01
4.5390000000e+03 2.5713500000e-01
4.5400000000e+03 2.5719900000e-01
4.5410000000e+03 2.5726300000e-01
4.5412729490e+03 2.5728100000e-01
4.5420000000e+03 2.5731100000e-01
4.5430000000e+03 2.5737500000e-01
4.5440000000e+03 2.5741700000e-01
4.5450000000e+03 2.5745900000e-01
4.5460000000e+03 2.5750100000e-01
4.5470000000e+03 2.5754300000e-01
4.5480000000e+03 2.5758500000e-01
4.5490000000e+03 2.5762700000e-01
4.5500000000e+03 2.5769100000e-01
4.5510000000e+03 2.5773300000e-01
4.5512753910e+03 2.5774400000e-01
4.5520000000e+03 2.5778900000e-01
4.5530000000e+03 2.5785000000e-01
4.5540000000e+03 2.5791000000e-01
4.5550000000e+03 2.5797100000e-01
4.5560000000e+03 2.5803200000e-01
4.5570000000e+03 2.5811600000e-01
4.5580000000e+03 2.5817700000e-01
4.5590000000e+03 2.5823800000e-01
4.5600000000e+03 2.5829900000e-01
4.5610000000e+03 2.5836000000e-01
4.5612783200e+03 2.5837700000e-01
4.5620000000e+03 2.5840200000e-01
4.5630000000e+03 2.5843800000e-01
4.5640000000e+03 2.5849600000e-01
4.5650000000e+03 2.5853200000e-01
4.5660000000e+03 2.5856800000e-01
4.5670000000e+03 2.5860400000e-01
4.5680000000e+03 2.5864000000e-01
4.5690000000e+03 2.5867600000e-01
4.5700000000e+03 2.5871100000e-01
4.5710000000e+03 2.5876900000e-01
4.5712807620e+03 2.5877900000e-01
4.5720000000e+03 2.5880400000e-01
4.5730000000e+03 2.5883800000e-01
4.5740000000e+03 2.5887200000e-01
4.5750000000e+03 2.5890600000e-01
4.5760000000e+03 2.5894000000e-01
4.5770000000e+03 2.5897500000e-01
4.5780000000e+03 2.5903100000e-01
4.5790000000e+03 2.5906500000e-01
4.5800000000e+03 2.5909900000e-01
4.5810000000e+03 2.5913300000e-01
4.5812836910e+03 2.5914300000e-01
4.5820000000e+03 2.5916500000e-01
4.5830000000e+03 2.5919600000e-01
4.5840000000e+03 2.5922700000e-01
4.5850000000e+03 2.5925800000e-01
4.5860000000e+03 2.5931100000e-01
4.5870000000e+03 2.5934200000e-01
4.5880000000e+03 2.5937300000e-01
4.5890000000e+03 2.5940400000e-01
4.5900000000e+03 2.5943500000e-01
4.5910000000e+03 2.5946600000e-01
4.5912861330e+03 2.5947500000e-01
4.5920000000e+03 2.5947600000e-01
4.5930000000e+03 2.5949800000e-01
4.5940000000e+03 2.5949900000e-01
4.5950000000e+03 2.5949900000e-01
4.5960000000e+03 2.5950000000e-01
4.5970000000e+03 2.5950000000e-01
4.5980000000e+03 2.5950100000e-01
4.5990000000e+03 2.5950100000e-01
4.6000000000e+03 2.5952400000e-01
4.6010000000e+03 2.5952400000e-01
4.6012885740e+03 2.5952400000e-01
4.6020000000e+03 2.5952100000e-01
4.6030000000e+03 2.5951700000e-01
4.6040000000e+03 2.5951300000e-01
4.6050000000e+03 2.5950800000e-01
4.6060000000e+03 2.5950400000e-01
4.6070000000e+03 2.5950000000e-01
4.6080000000e+03 2.5951800000e-01
4.6090000000e+03 2.5951300000e-01
4.6100000000e+03 2.5950900000e-01
4.6110000000e+03 2.5950500000e-01
4.6112915040e+03 2.5950300000e-01
4.6120000000e+03 2.5945500000e-01
4.6130000000e+03 2.5938800000e-01
4.6140000000e+03 2.5932000000e-01
4.6150000000e+03 2.5927400000e-01
4.6160000000e+03 2.5920700000e-01
4.6170000000e+03 2.5913900000e-01
4.6180000000e+03 2.5907100000e-01
4.6190000000e+03 2.5900300000e-01
4.6200000000e+03 2.5893500000e-01
4.6210000000e+03 2.5886700000e-01
4.6212939450e+03 2.5884700000e-01
4.6220000000e+03 2.5879200000e-01
4.6230000000e+03 2.5873700000e-01
4.6240000000e+03 2.5865900000e-01
4.6250000000e+03 2.5858100000e-01
4.6260000000e+03 2.5850300000e-01
4.6270000000e+03 2.5842500000e-01
4.6280000000e+03 2.5834700000e-01
4.6290000000e+03 2.5826900000e-01
4.6300000000e+03 2.5819100000e-01
4.6310000000e+03 2.5813000000e-01
4.6312968750e+03 2.5810500000e-01
4.6320000000e+03 2.5802700000e-01
4.6330000000e+03 2.5791700000e-01
4.6340000000e+03 2.5780700000e-01
4.6350000000e+03 2.5769700000e-01
4.6360000000e+03 2.5758700000e-01
4.6370000000e+03 2.5747600000e-01
4.6380000000e+03 2.5736600000e-01
4.6390000000e+03 2.5727800000e-01
4.6400000000e+03 2.5716700000e-01
4.6410000000e+03 2.5705700000e-01
4.6412993160e+03 2.5702400000e-01
4.6420000000e+03 2.5694700000e-01
4.6430000000e+03 2.5683700000e-01
4.6440000000e+03 2.5672600000e-01
4.6450000000e+03 2.5661600000e-01
4.6460000000e+03 2.5650600000e-01
4.6470000000e+03 2.5641800000e-01
4.6480000000e+03 2.5630700000e-01
4.6490000000e+03 2.5619700000e-01
4.6500000000e+03 2.5608700000e-01
4.6510000000e+03 2.5597600000e-01
4.6513017580e+03 2.5594300000e-01
4.6520000000e+03 2.5586600000e-01
4.6530000000e+03 2.5575600000e-01
4.6540000000e+03 2.5566800000e-01
4.6550000000e+03 2.5555800000e-01
4.6560000000e+03 2.5544800000e-01
4.6570000000e+03 2.5533700000e-01
4.6580000000e+03 2.5522700000e-01
4.6590000000e+03 2.5511700000e-01
4.6600000000e+03 2.5500700000e-01
4.6610000000e+03 2.5489700000e-01
4.6613046880e+03 2.5486300000e-01
4.6620000000e+03 2.5480600000e-01
4.6630000000e+03 2.5474500000e-01
4.6640000000e+03 2.5466200000e-01
4.6650000000e+03 2.5457900000e-01
4.6660000000e+03 2.5449600000e-01
4.6670000000e+03 2.5441300000e-01
4.6680000000e+03 2.5433000000e-01
4.6690000000e+03 2.5424700000e-01
4.6700000000e+03 2.5416400000e-01
4.6710000000e+03 2.5410300000e-01
4.6713071290e+03 2.5407800000e-01
4.6720000000e+03 2.5405300000e-01
4.6730000000e+03 2.5401700000e-01
4.6740000000e+03 2.5398000000e-01
4.6750000000e+03 2.5394400000e-01
4.6760000000e+03 2.5390800000e-01
4.6770000000e+03 2.5387200000e-01
4.6780000000e+03 2.5383600000e-01
4.6790000000e+03 2.5382100000e-01
4.6800000000e+03 2.5378500000e-01
4.6810000000e+03 2.5374900000e-01
4.6813100590e+03 2.5373800000e-01
4.6820000000e+03 2.5373200000e-01
4.6830000000e+03 2.5372300000e-01
4.6840000000e+03 2.5371400000e-01
4.6850000000e+03 2.5370500000e-01
4.6860000000e+03 2.5369700000e-01
4.6870000000e+03 2.5371000000e-01
4.6880000000e+03 2.5370100000e-01
4.6890000000e+03 2.5369200000e-01
4.6900000000e+03 2.5368300000e-01
4.6910000000e+03 2.5367400000e-01
4.6913125000e+03 2.5367200000e-01
4.6920000000e+03 2.5371700000e-01
4.6930000000e+03 2.5378300000e-01
4.6940000000e+03 2.5384900000e-01
4.6950000000e+03 2.5391600000e-01
4.6960000000e+03 2.5400300000e-01
4.6970000000e+03 2.5407000000e-01
4.6980000000e+03 2.5413600000e-01
4.6990000000e+03 2.5420200000e-01
4.7000000000e+03 2.5426800000e-01
4.7010000000e+03 2.5433400000e-01
4.7013154300e+03 2.5435500000e-01
4.7020000000e+03 2.5443200000e-01
4.7030000000e+03 2.5454300000e-01
4.7040000000e+03 2.5467600000e-01
4.7050000000e+03 2.5478800000e-01
4.7060000000e+03 2.5490000000e-01
4.7070000000e+03 2.5501100000e-01
4.7080000000e+03 2.5512300000e-01
4.7090000000e+03 2.5523500000e-01
4.7100000000e+03 2.5534600000e-01
4.7110000000e+03 2.5545800000e-01
4.7113178710e+03 2.5549300000e-01
4.7120000000e+03 2.5558900000e-01
4.7130000000e+03 2.5575000000e-01
4.7140000000e+03 2.5589000000e-01
4.7150000000e+03 2.5602900000e-01
4.7160000000e+03 2.5616900000e-01
4.7170000000e+03 2.5630900000e-01
4.7180000000e+03 2.5644800000e-01
4.7190000000e+03 2.5658800000e-01
4.7200000000e+03 2.5672800000e-01
4.7210000000e+03 2.5686800000e-01
4.7213203120e+03 2.5691900000e-01
4.7220000000e+03 2.5706600000e-01
4.7230000000e+03 2.5726000000e-01
4.7240000000e+03 2.5745300000e-01
4.7250000000e+03 2.5764700000e-01
4.7260000000e+03 2.5784000000e-01
4.7270000000e+03 2.5803400000e-01
4.7280000000e+03 2.5822800000e-01
4.7290000000e+03 2.5842100000e-01
4.7300000000e+03 2.5863700000e-01
4.7310000000e+03 2.5883100000e-01
4.7313232420e+03 2.5889300000e-01
4.7320000000e+03 2.5900900000e-01
4.7330000000e+03 2.5918100000e-01
4.7340000000e+03 2.5935200000e-01
4.7350000000e+03 2.5952400000e-01
4.7360000000e+03 2.5969500000e-01
4.7370000000e+03 2.5986700000e-01
4.7380000000e+03 2.6003800000e-01
4.7390000000e+03 2.6023200000e-01
4.7400000000e+03 2.6040400000e-01
4.7410000000e+03 2.6057500000e-01
4.7413256840e+03 2.6063100000e-01
4.7420000000e+03 2.6075300000e-01
4.7430000000e+03 2.6093300000e-01
4.7440000000e+03 2.6111400000e-01
4.7450000000e+03 2.6129400000e-01
4.7460000000e+03 2.6147500000e-01
4.7470000000e+03 2.6165600000e-01
4.7480000000e+03 2.6185900000e-01
4.7490000000e+03 2.6203900000e-01
4.7500000000e+03 2.6222000000e-01
4.7510000000e+03 2.6240100000e-01
4.7513286130e+03 2.6246000000e-01
4.7520000000e+03 2.6257700000e-01
4.7530000000e+03 2.6275200000e-01
4.7540000000e+03 2.6292700000e-01
4.7550000000e+03 2.6310200000e-01
4.7560000000e+03 2.6327700000e-01
4.7570000000e+03 2.6345200000e-01
4.7580000000e+03 2.6365000000e-01
4.7590000000e+03 2.6382500000e-01
4.7600000000e+03 2.6400000000e-01
4.7610000000e+03 2.6417500000e-01
4.7613310550e+03 2.6423300000e-01
4.7620000000e+03 2.6432200000e-01
4.7630000000e+03 2.6445400000e-01
4.7640000000e+03 2.6458700000e-01
4.7650000000e+03 2.6472000000e-01
4.7660000000e+03 2.6485300000e-01
4.7670000000e+03 2.6500900000e-01
4.7680000000e+03 2.6514200000e-01
4.7690000000e+03 2.6527500000e-01
4.7700000000e+03 2.6540800000e-01
4.7710000000e+03 2.6554100000e-01
4.7713339840e+03 2.6558500000e-01
4.7720000000e+03 2.6566800000e-01
4.7730000000e+03 2.6579300000e-01
4.7740000000e+03 2.6591800000e-01
4.7750000000e+03 2.6604300000e-01
4.7760000000e+03 2.6616800000e-01
4.7770000000e+03 2.6631600000e-01
4.7780000000e+03 2.6644100000e-01
4.7790000000e+03 2.6656600000e-01
4.7800000000e+03 2.6669100000e-01
4.7810000000e+03 2.6681600000e-01
4.7813364260e+03 2.6685900000e-01
4.7820000000e+03 2.6689700000e-01
4.7830000000e+03 2.6695400000e-01
4.7840000000e+03 2.6701200000e-01
4.7850000000e+03 2.6706900000e-01
4.7860000000e+03 2.6715000000e-01
4.7870000000e+03 2.6720700000e-01
4.7880000000e+03 2.6726500000e-01
4.7890000000e+03 2.6732300000e-01
4.7900000000e+03 2.6738000000e-01
4.7910000000e+03 2.6743800000e-01
4.7913388670e+03 2.6745700000e-01
4.7920000000e+03 2.6750700000e-01
4.7930000000e+03 2.6758300000e-01
4.7940000000e+03 2.6765900000e-01
4.7950000000e+03 2.6773500000e-01
4.7960000000e+03 2.6783300000e-01
4.7970000000e+03 2.6790900000e-01
4.7980000000e+03 2.6798500000e-01
4.7990000000e+03 2.6806100000e-01
4.8000000000e+03 2.6813700000e-01
4.8010000000e+03 2.6821200000e-01
4.8013417970e+03 2.6823800000e-01
4.8020000000e+03 2.6826800000e-01
4.8030000000e+03 2.6831300000e-01
4.8040000000e+03 2.6835800000e-01
4.8050000000e+03 2.6840400000e-01
4.8060000000e+03 2.6847200000e-01
4.8070000000e+03 2.6851700000e-01
4.8080000000e+03 2.6856200000e-01
4.8090000000e+03 2.6860700000e-01
4.8100000000e+03 2.6865300000e-01
4.8110000000e+03 2.6869800000e-01
4.8113442380e+03 2.6871400000e-01
4.8120000000e+03 2.6873500000e-01
4.8130000000e+03 2.6876800000e-01
4.8140000000e+03 2.6880100000e-01
4.8150000000e+03 2.6883400000e-01
4.8160000000e+03 2.6889000000e-01
4.8170000000e+03 2.6892300000e-01
4.8180000000e+03 2.6895600000e-01
4.8190000000e+03 2.6898900000e-01
4.8200000000e+03 2.6902200000e-01
4.8210000000e+03 2.6905500000e-01
4.8213471680e+03 2.6906600000e-01
4.8220000000e+03 2.6911200000e-01
4.8230000000e+03 2.6918300000e-01
4.8240000000e+03 2.6925400000e-01
4.8250000000e+03 2.6932400000e-01
4.8260000000e+03 2.6939500000e-01
4.8270000000e+03 2.6948800000e-01
4.8280000000e+03 2.6955900000e-01
4.8290000000e+03 2.6963000000e-01
4.8300000000e+03 2.6970000000e-01
4.8310000000e+03 2.6976800000e-01
4.8313496090e+03 2.6979200000e-01
4.8320000000e+03 2.6982000000e-01
4.8330000000e+03 2.6986300000e-01
4.8340000000e+03 2.6990600000e-01
4.8350000000e+03 2.6994900000e-01
4.8360000000e+03 2.6999200000e-01
4.8370000000e+03 2.7005800000e-01
4.8380000000e+03 2.7010200000e-01
4.8390000000e+03 2.7014500000e-01
4.8400000000e+03 2.7018800000e-01
4.8410000000e+03 2.7023100000e-01
4.8413525390e+03 2.7024600000e-01
4.8420000000e+03 2.7029500000e-01
4.8430000000e+03 2.7037000000e-01
4.8440000000e+03 2.7044500000e-01
4.8450000000e+03 2.7052000000e-01
4.8460000000e+03 2.7059500000e-01
4.8470000000e+03 2.7067000000e-01
4.8480000000e+03 2.7076800000e-01
4.8490000000e+03 2.7084300000e-01
4.8500000000e+03 2.7091800000e-01
4.8510000000e+03 2.7099300000e-01
4.8513549800e+03 2.7102000000e-01
4.8520000000e+03 2.7107000000e-01
4.8530000000e+03 2.7114900000e-01
4.8540000000e+03 2.7122700000e-01
4.8550000000e+03 2.7130600000e-01
4.8560000000e+03 2.7138500000e-01
4.8570000000e+03 2.7146300000e-01
4.8580000000e+03 2.7154200000e-01
4.8590000000e+03 2.7164400000e-01
4.8600000000e+03 2.7172200000e-01
4.8610000000e+03 2.7180100000e-01
4.8613574220e+03 2.7182900000e-01
4.8620000000e+03 2.7187400000e-01
4.8630000000e+03 2.7194400000e-01
4.8640000000e+03 2.7201400000e-01
4.8650000000e+03 2.7208400000e-01
4.8660000000e+03 2.7215400000e-01
4.8670000000e+03 2.7222400000e-01
4.8680000000e+03 2.7229400000e-01
4.8690000000e+03 2.7236400000e-01
4.8700000000e+03 2.7245700000e-01
4.8710000000e+03 2.7252700000e-01
4.8713603520e+03 2.7255200000e-01
4.8720000000e+03 2.7258200000e-01
4.8730000000e+03 2.7263000000e-01
4.8740000000e+03 2.7267700000e-01
4.8750000000e+03 2.7272400000e-01
4.8760000000e+03 2.7277100000e-01
4.8770000000e+03 2.7281900000e-01
4.8780000000e+03 2.7286600000e-01
4.8790000000e+03 2.7291300000e-01
4.8800000000e+03 2.7296100000e-01
4.8810000000e+03 2.7303100000e-01
4.8813627930e+03 2.7304800000e-01
4.8820000000e+03 2.7306100000e-01
4.8830000000e+03 2.7308000000e-01
4.8840000000e+03 2.7310000000e-01
4.8850000000e+03 2.7311900000e-01
4.8860000000e+03 2.7313900000e-01
4.8870000000e+03 2.7315800000e-01
4.8880000000e+03 2.7317800000e-01
4.8890000000e+03 2.7319700000e-01
4.8900000000e+03 2.7321700000e-01
4.8910000000e+03 2.7323600000e-01
4.8913657230e+03 2.7324300000e-01
4.8920000000e+03 2.7323600000e-01
4.8930000000e+03 2.7324800000e-01
4.8940000000e+03 2.7323600000e-01
4.8950000000e+03 2.7322500000e-01
4.8960000000e+03 2.7321300000e-01
4.8970000000e+03 2.7320200000e-01
4.8980000000e+03 2.7319000000e-01
4.8990000000e+03 2.7317900000e-01
4.9000000000e+03 2.7316700000e-01
4.9010000000e+03 2.7315500000e-01
4.9013681640e+03 2.7315100000e-01
4.9020000000e+03 2.7311100000e-01
4.9030000000e+03 2.7304900000e-01
4.9040000000e+03 2.7298600000e-01
4.9050000000e+03 2.7294600000e-01
4.9060000000e+03 2.7288300000e-01
4.9070000000e+03 2.7282000000e-01
4.9080000000e+03 2.7275700000e-01
4.9090000000e+03 2.7269400000e-01
4.9100000000e+03 2.7263100000e-01
4.9110000000e+03 2.7256800000e-01
4.9113710940e+03 2.7254500000e-01
4.9120000000e+03 2.7248600000e-01
4.9130000000e+03 2.7239400000e-01
4.9140000000e+03 2.7230100000e-01
4.9150000000e+03 2.7220800000e-01
4.9160000000e+03 2.7211500000e-01
4.9170000000e+03 2.7204600000e-01
4.9180000000e+03 2.7195300000e-01
4.9190000000e+03 2.7186000000e-01
4.9200000000e+03 2.7176700000e-01
4.9210000000e+03 2.7167500000e-01
4.9213735350e+03 2.7164000000e-01
4.9220000000e+03 2.7155500000e-01
4.9230000000e+03 2.7141900000e-01
4.9240000000e+03 2.7128200000e-01
4.9250000000e+03 2.7114600000e-01
4.9260000000e+03 2.7101000000e-01
4.9270000000e+03 2.7087400000e-01
4.9280000000e+03 2.7073800000e-01
4.9290000000e+03 2.7060100000e-01
4.9300000000e+03 2.7048800000e-01
4.9310000000e+03 2.7035200000e-01
4.9313759770e+03 2.7030100000e-01
4.9320000000e+03 2.7020400000e-01
4.9330000000e+03 2.7004800000e-01
4.9340000000e+03 2.6989200000e-01
4.9350000000e+03 2.6973600000e-01
4.9360000000e+03 2.6958000000e-01
4.9370000000e+03 2.6942400000e-01
4.9380000000e+03 2.6926800000e-01
4.9390000000e+03 2.6911200000e-01
4.9400000000e+03 2.6895600000e-01
4.9410000000e+03 2.6880000000e-01
4.9413789060e+03 2.6874100000e-01
4.9420000000e+03 2.6863300000e-01
4.9430000000e+03 2.6848200000e-01
4.9440000000e+03 2.6830700000e-01
4.9450000000e+03 2.6813300000e-01
4.9460000000e+03 2.6795900000e-01
4.9470000000e+03 2.6778500000e-01
4.9480000000e+03 2.6761100000e-01
4.9490000000e+03 2.6743700000e-01
4.9500000000e+03 2.6726300000e-01
4.9510000000e+03 2.6708800000e-01
4.9513813480e+03 2.6702200000e-01
4.9520000000e+03 2.6690500000e-01
4.9530000000e+03 2.6671500000e-01
4.9540000000e+03 2.6652600000e-01
4.9550000000e+03 2.6633600000e-01
4.9560000000e+03 2.6617000000e-01
4.9570000000e+03 2.6598000000e-01
4.9580000000e+03 2.6579100000e-01
4.9590000000e+03 2.6560100000e-01
4.9600000000e+03 2.6541100000e-01
4.9610000000e+03 2.6522200000e-01
4.9613842770e+03 2.6514900000e-01
4.9620000000e+03 2.6505600000e-01
4.9630000000e+03 2.6490600000e-01
4.9640000000e+03 2.6475500000e-01
4.9650000000e+03 2.6460400000e-01
4.9660000000e+03 2.6445400000e-01
4.9670000000e+03 2.6430300000e-01
4.9680000000e+03 2.6415200000e-01
4.9690000000e+03 2.6402400000e-01
4.9700000000e+03 2.6387300000e-01
4.9710000000e+03 2.6372200000e-01
4.9713867190e+03 2.6366400000e-01
4.9720000000e+03 2.6357200000e-01
4.9730000000e+03 2.6342200000e-01
4.9740000000e+03 2.6327200000e-01
4.9750000000e+03 2.6312200000e-01
4.9760000000e+03 2.6297200000e-01
4.9770000000e+03 2.6282200000e-01
4.9780000000e+03 2.6267100000e-01
4.9790000000e+03 2.6252100000e-01
4.9800000000e+03 2.6237100000e-01
4.9810000000e+03 2.6222100000e-01
4.9813896480e+03 2.6216300000e-01
4.9820000000e+03 2.6208900000e-01
4.9830000000e+03 2.6196800000e-01
4.9840000000e+03 2.6187000000e-01
4.9850000000e+03 2.6174900000e-01
4.9860000000e+03 2.6162800000e-01
4.9870000000e+03 2.6150800000e-01
4.9880000000e+03 2.6138700000e-01
4.9890000000e+03 2.6126600000e-01
4.9900000000e+03 2.6114600000e-01
4.9910000000e+03 2.6102500000e-01
4.9913920900e+03 2.6097800000e-01
4.9920000000e+03 2.6094100000e-01
4.9930000000e+03 2.6088000000e-01
4.9940000000e+03 2.6082000000e-01
4.9950000000e+03 2.6075900000e-01
4.9960000000e+03 2.6069800000e-01
4.9970000000e+03 2.6063800000e-01
4.9980000000e+03 2.6059900000e-01
4.9990000000e+03 2.6053900000e-01
5.0000000000e+03 2.6047800000e-01
5.0010000000e+03 2.6041100000e-01
5.0013950200e+03 2.6038400000e-01
5.0020000000e+03 2.6034100000e-01
5.0030000000e+03 2.6026900000e-01
5.0040000000e+03 2.6019700000e-01
5.0050000000e+03 2.6012500000e-01
5.0060000000e+03 2.6005400000e-01
5.0070000000e+03 2.5998200000e-01
5.0080000000e+03 2.5991000000e-01
5.0090000000e+03 2.5983800000e-01
5.0100000000e+03 2.5976700000e-01
5.0110000000e+03 2.5969500000e-01
5.0113974610e+03 2.5966600000e-01
5.0120000000e+03 2.5966400000e-01
5.0130000000e+03 2.5968100000e-01
5.0140000000e+03 2.5967600000e-01
5.0150000000e+03 2.5967100000e-01
5.0160000000e+03 2.5966700000e-01
5.0170000000e+03 2.5966200000e-01
5.0180000000e+03 2.5965700000e-01
5.0190000000e+03 2.5965200000e-01
5.0200000000e+03 2.5964800000e-01
5.0210000000e+03 2.5964300000e-01
5.0213999020e+03 2.5964100000e-01
5.0220000000e+03 2.5965700000e-01
5.0230000000e+03 2.5968200000e-01
5.0240000000e+03 2.5970800000e-01
5.0250000000e+03 2.5973400000e-01
5.0260000000e+03 2.5976000000e-01
5.0270000000e+03 2.5978600000e-01
5.0280000000e+03 2.5981100000e-01
5.0290000000e+03 2.5985900000e-01
5.0300000000e+03 2.5988500000e-01
5.0310000000e+03 2.5990500000e-01
5.0314028320e+03 2.5991300000e-01
5.0320000000e+03 2.5991500000e-01
5.0330000000e+03 2.5991800000e-01
5.0340000000e+03 2.5992200000e-01
5.0350000000e+03 2.5992500000e-01
5.0360000000e+03 2.5992800000e-01
5.0370000000e+03 2.5993100000e-01
5.0380000000e+03 2.5993500000e-01
5.0390000000e+03 2.5993800000e-01
5.0400000000e+03 2.5994100000e-01
5.0410000000e+03 2.5994400000e-01
5.0414052730e+03 2.5994600000e-01
5.0420000000e+03 2.5996900000e-01
5.0430000000e+03 2.6000800000e-01
5.0440000000e+03 2.6004800000e-01
5.0450000000e+03 2.6008700000e-01
5.0460000000e+03 2.6014900000e-01
5.0470000000e+03 2.6018800000e-01
5.0480000000e+03 2.6022800000e-01
5.0490000000e+03 2.6026700000e-01
5.0500000000e+03 2.6030600000e-01
5.0510000000e+03 2.6034600000e-01
5.0514082030e+03 2.6036200000e-01
5.0520000000e+03 2.6039800000e-01
5.0530000000e+03 2.6045800000e-01
5.0540000000e+03 2.6051900000e-01
5.0550000000e+03 2.6057900000e-01
5.0560000000e+03 2.6064000000e-01
5.0570000000e+03 2.6070000000e-01
5.0580000000e+03 2.6076100000e-01
5.0590000000e+03 2.6082100000e-01
5.0600000000e+03 2.6088200000e-01
5.0610000000e+03 2.6094200000e-01
5.0614106450e+03 2.6096700000e-01
5.0620000000e+03 2.6098600000e-01
5.0630000000e+03 2.6104100000e-01
5.0640000000e+03 2.6107400000e-01
5.0650000000e+03 2.6110700000e-01
5.0660000000e+03 2.6114000000e-01
5.0670000000e+03 2.6117300000e-01
5.0680000000e+03 2.6120600000e-01
5.0690000000e+03 2.6123900000e-01
5.0700000000e+03 2.6127200000e-01
5.0710000000e+03 2.6130500000e-01
5.0714135740e+03 2.6131900000e-01
5.0720000000e+03 2.6134900000e-01
5.0730000000e+03 2.6140100000e-01
5.0740000000e+03 2.6145400000e-01
5.0750000000e+03 2.6150600000e-01
5.0760000000e+03 2.6155800000e-01
5.0770000000e+03 2.6161000000e-01
5.0780000000e+03 2.6166200000e-01
5.0790000000e+03 2.6171500000e-01
5.0800000000e+03 2.6176700000e-01
5.0810000000e+03 2.6181900000e-01
5.0814160160e+03 2.6185000000e-01
5.0820000000e+03 2.6187900000e-01
5.0830000000e+03 2.6190800000e-01
5.0840000000e+03 2.6193600000e-01
5.0850000000e+03 2.6196500000e-01
5.0860000000e+03 2.6199300000e-01
5.0870000000e+03 2.6202200000e-01
5.0880000000e+03 2.6205000000e-01
5.0890000000e+03 2.6207900000e-01
5.0900000000e+03 2.6210700000e-01
5.0910000000e+03 2.6213600000e-01
5.0914189450e+03 2.6214800000e-01
5.0920000000e+03 2.6216100000e-01
5.0930000000e+03 2.6218500000e-01
5.0940000000e+03 2.6220800000e-01
5.0950000000e+03 2.6223100000e-01
5.0960000000e+03 2.6225400000e-01
5.0970000000e+03 2.6227800000e-01
5.0980000000e+03 2.6230100000e-01
5.0990000000e+03 2.6232400000e-01
5.1000000000e+03 2.6234700000e-01
5.1010000000e+03 2.6239300000e-01
5.1014213870e+03 2.6240300000e-01
5.1020000000e+03 2.6241400000e-01
5.1030000000e+03 2.6243300000e-01
5.1040000000e+03 2.6245300000e-01
5.1050000000e+03 2.6247200000e-01
5.1060000000e+03 2.6249100000e-01
5.1070000000e+03 2.6251100000e-01
5.1080000000e+03 2.6253000000e-01
5.1090000000e+03 2.6254900000e-01
5.1100000000e+03 2.6256900000e-01
5.1110000000e+03 2.6258800000e-01
5.1114243160e+03 2.6259600000e-01
5.1120000000e+03 2.6260100000e-01
5.1130000000e+03 2.6261000000e-01
5.1140000000e+03 2.6261900000e-01
5.1150000000e+03 2.6262800000e-01
5.1160000000e+03 2.6263700000e-01
5.1170000000e+03 2.6264500000e-01
5.1180000000e+03 2.6265400000e-01
5.1190000000e+03 2.6266300000e-01
5.1200000000e+03 2.6267200000e-01
5.1210000000e+03 2.6268100000e-01
5.1214267580e+03 2.6269400000e-01
5.1220000000e+03 2.6270300000e-01
5.1230000000e+03 2.6269700000e-01
5.1240000000e+03 2.6269100000e-01
5.1250000000e+03 2.6268500000e-01
5.1260000000e+03 2.6267900000e-01
5.1270000000e+03 2.6267300000e-01
5.1280000000e+03 2.6266700000e-01
5.1290000000e+03 2.6266100000e-01
5.1300000000e+03 2.6265500000e-01
5.1310000000e+03 2.6265000000e-01
5.1314291990e+03 2.6264700000e-01
5.1320000000e+03 2.6265100000e-01
5.1330000000e+03 2.6265900000e-01
5.1340000000e+03 2.6266700000e-01
5.1350000000e+03 2.6267500000e-01
5.1360000000e+03 2.6268300000e-01
5.1370000000e+03 2.6269100000e-01
5.1380000000e+03 2.6269900000e-01
5.1390000000e+03 2.6270600000e-01
5.1400000000e+03 2.6271400000e-01
5.1410000000e+03 2.6272200000e-01
5.1414321290e+03 2.6272600000e-01
5.1420000000e+03 2.6271300000e-01
5.1430000000e+03 2.6269000000e-01
5.1440000000e+03 2.6269000000e-01
5.1450000000e+03 2.6266700000e-01
5.1460000000e+03 2.6264500000e-01
5.1470000000e+03 2.6262200000e-01
5.1480000000e+03 2.6260000000e-01
5.1490000000e+03 2.6257700000e-01
5.1500000000e+03 2.6255400000e-01
5.1510000000e+03 2.6253200000e-01
5.1514345700e+03 2.6252200000e-01
5.1520000000e+03 2.6249700000e-01
5.1530000000e+03 2.6245200000e-01
5.1540000000e+03 2.6240700000e-01
5.1550000000e+03 2.6236200000e-01
5.1560000000e+03 2.6231700000e-01
5.1570000000e+03 2.6227200000e-01
5.1580000000e+03 2.6222800000e-01
5.1590000000e+03 2.6218300000e-01
5.1600000000e+03 2.6213800000e-01
5.1610000000e+03 2.6209300000e-01
5.1614375000e+03 2.6207300000e-01
5.1620000000e+03 2.6206300000e-01
5.1630000000e+03 2.6204500000e-01
5.1640000000e+03 2.6202700000e-01
5.1650000000e+03 2.6200900000e-01
5.1660000000e+03 2.6199100000e-01
5.1670000000e+03 2.6197300000e-01
5.1680000000e+03 2.6195500000e-01
5.1690000000e+03 2.6195900000e-01
5.1700000000e+03 2.6194100000e-01
5.1710000000e+03 2.6192300000e-01
5.1714399410e+03 2.6191500000e-01
5.1720000000e+03 2.6191000000e-01
5.1730000000e+03 2.6190100000e-01
5.1740000000e+03 2.6189200000e-01
5.1750000000e+03 2.6188300000e-01
5.1760000000e+03 2.6187400000e-01
5.1770000000e+03 2.6186500000e-01
5.1780000000e+03 2.6185600000e-01
5.1790000000e+03 2.6184700000e-01
5.1800000000e+03 2.6183800000e-01
5.1810000000e+03 2.6182900000e-01
5.1814428710e+03 2.6182500000e-01
5.1820000000e+03 2.6179600000e-01
5.1830000000e+03 2.6174300000e-01
5.1840000000e+03 2.6169100000e-01
5.1850000000e+03 2.6163800000e-01
5.1860000000e+03 2.6158600000e-01
5.1870000000e+03 2.6153400000e-01
5.1880000000e+03 2.6148100000e-01
5.1890000000e+03 2.6142900000e-01
5.1900000000e+03 2.6137700000e-01
5.1910000000e+03 2.6132400000e-01
5.1914453120e+03 2.6130100000e-01
5.1920000000e+03 2.6129300000e-01
5.1930000000e+03 2.6127900000e-01
5.1940000000e+03 2.6126600000e-01
5.1950000000e+03 2.6125200000e-01
5.1960000000e+03 2.6123800000e-01
5.1970000000e+03 2.6124600000e-01
5.1980000000e+03 2.6123300000e-01
5.1990000000e+03 2.6121900000e-01
5.2000000000e+03 2.6120500000e-01
5.2010000000e+03 2.6119100000e-01
5.2014482420e+03 2.6118500000e-01
5.2020000000e+03 2.6119600000e-01
5.2030000000e+03 2.6121600000e-01
5.2040000000e+03 2.6123500000e-01
5.2050000000e+03 2.6125500000e-01
5.2060000000e+03 2.6127500000e-01
5.2070000000e+03 2.6129500000e-01
5.2080000000e+03 2.6131400000e-01
5.2090000000e+03 2.6133400000e-01
5.2100000000e+03 2.6135400000e-01
5.2110000000e+03 2.6137300000e-01
5.2114506840e+03 2.6138200000e-01
5.2120000000e+03 2.6138300000e-01
5.2130000000e+03 2.6138400000e-01
5.2140000000e+03 2.6138500000e-01
5.2150000000e+03 2.6138700000e-01
5.2160000000e+03 2.6138800000e-01
5.2170000000e+03 2.6138900000e-01
5.2180000000e+03 2.6139000000e-01
5.2190000000e+03 2.6139100000e-01
5.2200000000e+03 2.6139300000e-01
5.2210000000e+03 2.6139400000e-01
5.2214536130e+03 2.6139400000e-01
5.2220000000e+03 2.6140100000e-01
5.2230000000e+03 2.6141400000e-01
5.2240000000e+03 2.6142700000e-01
5.2250000000e+03 2.6144000000e-01
5.2260000000e+03 2.6145300000e-01
5.2270000000e+03 2.6146600000e-01
5.2280000000e+03 2.6147900000e-01
5.2290000000e+03 2.6149100000e-01
5.2300000000e+03 2.6152700000e-01
5.2310000000e+03 2.6154100000e-01
5.2314560550e+03 2.6154700000e-01
5.2320000000e+03 2.6158400000e-01
5.2330000000e+03 2.6165200000e-01
5.2340000000e+03 2.6172000000e-01
5.2350000000e+03 2.6178700000e-01
5.2360000000e+03 2.6185500000e-01
5.2370000000e+03 2.6192300000e-01
5.2380000000e+03 2.6199100000e-01
5.2390000000e+03 2.6205800000e-01
5.2400000000e+03 2.6212600000e-01
5.2410000000e+03 2.6219400000e-01
5.2414584960e+03 2.6222500000e-01
5.2420000000e+03 2.6225200000e-01
5.2430000000e+03 2.6230200000e-01
5.2440000000e+03 2.6235200000e-01
5.2450000000e+03 2.6240200000e-01
5.2460000000e+03 2.6245200000e-01
5.2470000000e+03 2.6250200000e-01
5.2480000000e+03 2.6255300000e-01
5.2490000000e+03 2.6260300000e-01
5.2500000000e+03 2.6265300000e-01
5.2510000000e+03 2.6270300000e-01
5.2514614260e+03 2.6272600000e-01
5.2520000000e+03 2.6273500000e-01
5.2530000000e+03 2.6275200000e-01
5.2540000000e+03 2.6276900000e-01
5.2550000000e+03 2.6278600000e-01
5.2560000000e+03 2.6280300000e-01
5.2570000000e+03 2.6282000000e-01
5.2580000000e+03 2.6283700000e-01
5.2590000000e+03 2.6285400000e-01
5.2600000000e+03 2.6287100000e-01
5.2610000000e+03 2.6288800000e-01
5.2614638670e+03 2.6289600000e-01
5.2620000000e+03 2.6291900000e-01
5.2630000000e+03 2.6296200000e-01
5.2640000000e+03 2.6300500000e-01
5.2650000000e+03 2.6304800000e-01
5.2660000000e+03 2.6309100000e-01
5.2670000000e+03 2.6313400000e-01
5.2680000000e+03 2.6317700000e-01
5.2690000000e+03 2.6322000000e-01
5.2700000000e+03 2.6328500000e-01
5.2710000000e+03 2.6332800000e-01
5.2714667970e+03 2.6334800000e-01
5.2720000000e+03 2.6333500000e-01
5.2730000000e+03 2.6331100000e-01
5.2740000000e+03 2.6328700000e-01
5.2750000000e+03 2.6326300000e-01
5.2760000000e+03 2.6323800000e-01
5.2770000000e+03 2.6321400000e-01
5.2780000000e+03 2.6319000000e-01
5.2790000000e+03 2.6316500000e-01
5.2800000000e+03 2.6314100000e-01
5.2810000000e+03 2.6311700000e-01
5.2814692380e+03 2.6310500000e-01
5.2820000000e+03 2.6305900000e-01
5.2830000000e+03 2.6297000000e-01
5.2840000000e+03 2.6288200000e-01
5.2850000000e+03 2.6279400000e-01
5.2860000000e+03 2.6270600000e-01
5.2870000000e+03 2.6261800000e-01
5.2880000000e+03 2.6253000000e-01
5.2890000000e+03 2.6244200000e-01
5.2900000000e+03 2.6235400000e-01
5.2910000000e+03 2.6226600000e-01
5.2914721680e+03 2.6222400000e-01
5.2920000000e+03 2.6216900000e-01
5.2930000000e+03 2.6206400000e-01
5.2940000000e+03 2.6196000000e-01
5.2950000000e+03 2.6185500000e-01
5.2960000000e+03 2.6175100000e-01
5.2970000000e+03 2.6164600000e-01
5.2980000000e+03 2.6154100000e-01
5.2990000000e+03 2.6143700000e-01
5.3000000000e+03 2.6133200000e-01
5.3010000000e+03 2.6122800000e-01
5.3014746090e+03 2.6117800000e-01
5.3020000000e+03 2.6106100000e-01
5.3030000000e+03 2.6083800000e-01
5.3040000000e+03 2.6061600000e-01
5.3050000000e+03 2.6039300000e-01
5.3060000000e+03 2.6017000000e-01
5.3070000000e+03 2.5994800000e-01
5.3080000000e+03 2.5972500000e-01
5.3090000000e+03 2.5950200000e-01
5.3100000000e+03 2.5928000000e-01
5.3110000000e+03 2.5905700000e-01
5.3114775390e+03 2.5895100000e-01
5.3120000000e+03 2.5881200000e-01
5.3130000000e+03 2.5854600000e-01
5.3140000000e+03 2.5828000000e-01
5.3150000000e+03 2.5801400000e-01
5.3160000000e+03 2.5774800000e-01
5.3170000000e+03 2.5748200000e-01
5.3180000000e+03 2.5721700000e-01
5.3190000000e+03 2.5695100000e-01
5.3200000000e+03 2.5668500000e-01
5.3210000000e+03 2.5641900000e-01
5.3214799800e+03 2.5629200000e-01
5.3220000000e+03 2.5614700000e-01
5.3230000000e+03 2.5586900000e-01
5.3240000000e+03 2.5559000000e-01
5.3250000000e+03 2.5531200000e-01
5.3260000000e+03 2.5503300000e-01
5.3270000000e+03 2.5475500000e-01
5.3280000000e+03 2.5447700000e-01
5.3290000000e+03 2.5419800000e-01
5.3300000000e+03 2.5392000000e-01
5.3310000000e+03 2.5364200000e-01
5.3314829100e+03 2.5350700000e-01
5.3320000000e+03 2.5335100000e-01
5.3330000000e+03 2.5307000000e-01
5.3340000000e+03 2.5276700000e-01
5.3350000000e+03 2.5246500000e-01
5.3360000000e+03 2.5216200000e-01
5.3370000000e+03 2.5186000000e-01
5.3380000000e+03 2.5155700000e-01
5.3390000000e+03 2.5125500000e-01
5.3400000000e+03 2.5095300000e-01
5.3410000000e+03 2.5065000000e-01
5.3414853520e+03 2.5050300000e-01
5.3420000000e+03 2.5034000000e-01
5.3430000000e+03 2.5002200000e-01
5.3440000000e+03 2.4970400000e-01
5.3450000000e+03 2.4938600000e-01
5.3460000000e+03 2.4906800000e-01
5.3470000000e+03 2.4875000000e-01
5.3480000000e+03 2.4843200000e-01
5.3490000000e+03 2.4811400000e-01
5.3500000000e+03 2.4779600000e-01
5.3510000000e+03 2.4747800000e-01
5.3514877930e+03 2.4732300000e-01
5.3520000000e+03 2.4720700000e-01
5.3530000000e+03 2.4698100000e-01
5.3540000000e+03 2.4675500000e-01
5.3550000000e+03 2.4652900000e-01
5.3560000000e+03 2.4630300000e-01
5.3570000000e+03 2.4607800000e-01
5.3580000000e+03 2.4585200000e-01
5.3590000000e+03 2.4562600000e-01
5.3600000000e+03 2.4540000000e-01
5.3610000000e+03 2.4517400000e-01
5.3614907230e+03 2.4506300000e-01
5.3620000000e+03 2.4498000000e-01
5.3630000000e+03 2.4481800000e-01
5.3640000000e+03 2.4465600000e-01
5.3650000000e+03 2.4449300000e-01
5.3660000000e+03 2.4433100000e-01
5.3670000000e+03 2.4416900000e-01
5.3680000000e+03 2.4400600000e-01
5.3690000000e+03 2.4384400000e-01
5.3700000000e+03 2.4368200000e-01
5.3710000000e+03 2.4351900000e-01
5.3714931640e+03 2.4343900000e-01
5.3720000000e+03 2.4336900000e-01
5.3730000000e+03 2.4323100000e-01
5.3740000000e+03 2.4309200000e-01
5.3750000000e+03 2.4295400000e-01
5.3760000000e+03 2.4281600000e-01
5.3770000000e+03 2.4267800000e-01
5.3780000000e+03 2.4253900000e-01
5.3790000000e+03 2.4240100000e-01
5.3800000000e+03 2.4226300000e-01
5.3810000000e+03 2.4212400000e-01
5.3814960940e+03 2.4205600000e-01
5.3820000000e+03 2.4201900000e-01
5.3830000000e+03 2.4194700000e-01
5.3840000000e+03 2.4187500000e-01
5.3850000000e+03 2.4180200000e-01
5.3860000000e+03 2.4173000000e-01
5.3870000000e+03 2.4165800000e-01
5.3880000000e+03 2.4158500000e-01
5.3890000000e+03 2.4151300000e-01
5.3900000000e+03 2.4144100000e-01
5.3910000000e+03 2.4136900000e-01
5.3914985350e+03 2.4133200000e-01
5.3920000000e+03 2.4132400000e-01
5.3930000000e+03 2.4130700000e-01
5.3940000000e+03 2.4129000000e-01
5.3950000000e+03 2.4127400000e-01
5.3960000000e+03 2.4125700000e-01
5.3970000000e+03 2.4124000000e-01
5.3980000000e+03 2.4122300000e-01
5.3990000000e+03 2.4120600000e-01
5.4000000000e+03 2.4119000000e-01
5.4010000000e+03 2.4117300000e-01
5.4015014650e+03 2.4116400000e-01
5.4020000000e+03 2.4113200000e-01
5.4030000000e+03 2.4106800000e-01
5.4040000000e+03 2.4100400000e-01
5.4050000000e+03 2.4094000000e-01
5.4060000000e+03 2.4087600000e-01
5.4070000000e+03 2.4081200000e-01
5.4080000000e+03 2.4074900000e-01
5.4090000000e+03 2.4068500000e-01
5.4100000000e+03 2.4062100000e-01
5.4110000000e+03 2.4055700000e-01
5.4115039060e+03 2.4052400000e-01
5.4120000000e+03 2.4048800000e-01
5.4130000000e+03 2.4041400000e-01
5.4140000000e+03 2.4034000000e-01
5.4150000000e+03 2.4026600000e-01
5.4160000000e+03 2.4019200000e-01
5.4170000000e+03 2.4011800000e-01
5.4180000000e+03 2.4004400000e-01
5.4190000000e+03 2.3997000000e-01
5.4200000000e+03 2.3989600000e-01
5.4210000000e+03 2.3982200000e-01
5.4215068360e+03 2.3978500000e-01
5.4220000000e+03 2.3971900000e-01
5.4230000000e+03 2.3958600000e-01
5.4240000000e+03 2.3945400000e-01
5.4250000000e+03 2.3932100000e-01
5.4260000000e+03 2.3918800000e-01
5.4270000000e+03 2.3905500000e-01
5.4280000000e+03 2.3892200000e-01
5.4290000000e+03 2.3879000000e-01
5.4300000000e+03 2.3865700000e-01
5.4310000000e+03 2.3852400000e-01
5.4315092770e+03 2.3845600000e-01
5.4320000000e+03 2.3836800000e-01
5.4330000000e+03 2.3819000000e-01
5.4340000000e+03 2.3801200000e-01
5.4350000000e+03 2.3783400000e-01
5.4360000000e+03 2.3765600000e-01
5.4370000000e+03 2.3747800000e-01
5.4380000000e+03 2.3729900000e-01
5.4390000000e+03 2.3712100000e-01
5.4400000000e+03 2.3694300000e-01
5.4410000000e+03 2.3676500000e-01
5.4415122070e+03 2.3667400000e-01
5.4420000000e+03 2.3658100000e-01
5.4430000000e+03 2.3639100000e-01
5.4440000000e+03 2.3620200000e-01
5.4450000000e+03 2.3601200000e-01
5.4460000000e+03 2.3582300000e-01
5.4470000000e+03 2.3563300000e-01
5.4480000000e+03 2.3544400000e-01
5.4490000000e+03 2.3525400000e-01
5.4500000000e+03 2.3506500000e-01
5.4510000000e+03 2.3487500000e-01
5.4515146480e+03 2.3477800000e-01
5.4520000000e+03 2.3469800000e-01
5.4530000000e+03 2.3453200000e-01
5.4540000000e+03 2.3436700000e-01
5.4550000000e+03 2.3420200000e-01
5.4560000000e+03 2.3403700000e-01
5.4570000000e+03 2.3387200000e-01
5.4580000000e+03 2.3370700000e-01
5.4590000000e+03 2.3354200000e-01
5.4600000000e+03 2.3335700000e-01
5.4610000000e+03 2.3319200000e-01
5.4615175780e+03 2.3310700000e-01
5.4620000000e+03 2.3297500000e-01
5.4630000000e+03 2.3270300000e-01
5.4640000000e+03 2.3243100000e-01
5.4650000000e+03 2.3215900000e-01
5.4660000000e+03 2.3188700000e-01
5.4670000000e+03 2.3161400000e-01
5.4680000000e+03 2.3134200000e-01
5.4690000000e+03 2.3107000000e-01
5.4700000000e+03 2.3079800000e-01
5.4710000000e+03 2.3052600000e-01
5.4715200200e+03 2.3038400000e-01
5.4720000000e+03 2.3004300000e-01
5.4730000000e+03 2.2933300000e-01
5.4740000000e+03 2.2862200000e-01
5.4750000000e+03 2.2791200000e-01
5.4760000000e+03 2.2720100000e-01
5.4770000000e+03 2.2649100000e-01
5.4780000000e+03 2.2578100000e-01
5.4790000000e+03 2.2507000000e-01
5.4800000000e+03 2.2436000000e-01
5.4810000000e+03 2.2365000000e-01
5.4815224610e+03 2.2327900000e-01
5.4820000000e+03 2.2242200000e-01
5.4830000000e+03 2.2062800000e-01
5.4840000000e+03 2.1883400000e-01
5.4850000000e+03 2.1704000000e-01
5.4860000000e+03 2.1524600000e-01
5.4870000000e+03 2.1345300000e-01
5.4880000000e+03 2.1165900000e-01
5.4890000000e+03 2.0986500000e-01
5.4900000000e+03 2.0807200000e-01
5.4910000000e+03 2.0627800000e-01
5.4915253910e+03 2.0533600000e-01
5.4920000000e+03 2.0373700000e-01
5.4930000000e+03 2.0036700000e-01
5.4940000000e+03 1.9699800000e-01
5.4950000000e+03 1.9362900000e-01
5.4960000000e+03 1.9026000000e-01
5.4970000000e+03 1.8689100000e-01
5.4980000000e+03 1.8352200000e-01
5.4990000000e+03 1.8015400000e-01
5.5000000000e+03 1.7678500000e-01
5.5010000000e+03 1.7341800000e-01
5.5015278320e+03 1.7164000000e-01
5.5020000000e+03 1.6946600000e-01
5.5030000000e+03 1.6486100000e-01
5.5040000000e+03 1.6025600000e-01
5.5050000000e+03 1.5565200000e-01
5.5060000000e+03 1.5104700000e-01
5.5070000000e+03 1.4644300000e-01
5.5080000000e+03 1.4183900000e-01
5.5090000000e+03 1.3723500000e-01
5.5100000000e+03 1.3263100000e-01
5.5110000000e+03 1.2802700000e-01
5.5115307620e+03 1.2558400000e-01
5.5120000000e+03 1.2345500000e-01
5.5130000000e+03 1.1891900000e-01
5.5140000000e+03 1.1438200000e-01
5.5150000000e+03 1.0984600000e-01
5.5160000000e+03 1.0531000000e-01
5.5170000000e+03 1.0077400000e-01
5.5180000000e+03 9.6238900000e-02
5.5190000000e+03 9.1703400000e-02
5.5200000000e+03 8.7168100000e-02
5.5210000000e+03 8.2633000000e-02
5.5215332030e+03 8.0211300000e-02
5.5220000000e+03 7.8675300000e-02
5.5230000000e+03 7.5391700000e-02
5.5240000000e+03 7.2108200000e-02
5.5250000000e+03 6.8824900000e-02
5.5260000000e+03 6.5541600000e-02
5.5270000000e+03 6.2258500000e-02
5.5280000000e+03 5.8975600000e-02
5.5290000000e+03 5.5692700000e-02
5.5300000000e+03 5.2409900000e-02
5.5310000000e+03 4.9127300000e-02
5.5315361330e+03 4.7367400000e-02
5.5320000000e+03 4.6384400000e-02
5.5330000000e+03 4.4265300000e-02
5.5340000000e+03 4.2146300000e-02
5.5350000000e+03 4.0027400000e-02
5.5360000000e+03 3.7908600000e-02
5.5370000000e+03 3.5789900000e-02
5.5380000000e+03 3.3671200000e-02
5.5390000000e+03 3.1552600000e-02
5.5400000000e+03 2.9434100000e-02
5.5410000000e+03 2.7315600000e-02
5.5415385740e+03 2.6174700000e-02
5.5420000000e+03 2.5631100000e-02
5.5430000000e+03 2.4453000000e-02
5.5440000000e+03 2.3274900000e-02
5.5450000000e+03 2.2096800000e-02
5.5460000000e+03 2.0918800000e-02
5.5470000000e+03 1.9740900000e-02
5.5480000000e+03 1.8563000000e-02
5.5490000000e+03 1.7385100000e-02
5.5500000000e+03 1.6207300000e-02
5.5510000000e+03 1.5029500000e-02
5.5515415040e+03 1.4391800000e-02
5.5520000000e+03 1.4104700000e-02
5.5530000000e+03 1.3478600000e-02
5.5540000000e+03 1.2852500000e-02
5.5550000000e+03 1.2226400000e-02
5.5560000000e+03 1.1600400000e-02
5.5570000000e+03 1.0974400000e-02
5.5580000000e+03 1.0348400000e-02
5.5590000000e+03 9.7224600000e-03
5.5600000000e+03 9.0965200000e-03
5.5610000000e+03 8.4706100000e-03
5.5615439450e+03 8.1301500000e-03
5.5620000000e+03 7.9743300000e-03
5.5630000000e+03 7.6320200000e-03
5.5640000000e+03 7.2904000000e-03
5.5650000000e+03 6.9487900000e-03
5.5660000000e+03 6.6072000000e-03
5.5670000000e+03 6.2656200000e-03
5.5680000000e+03 5.9240600000e-03
5.5690000000e+03 5.5825100000e-03
5.5700000000e+03 5.2409700000e-03
5.5710000000e+03 4.8994500000e-03
5.5715468750e+03 4.7126800000e-03
5.5720000000e+03 4.6271100000e-03
5.5730000000e+03 4.4382500000e-03
5.5740000000e+03 4.2494000000e-03
5.5750000000e+03 4.0605600000e-03
5.5760000000e+03 3.8717300000e-03
5.5770000000e+03 3.6829100000e-03
5.5780000000e+03 3.4940900000e-03
5.5790000000e+03 3.3052900000e-03
5.5800000000e+03 3.1164900000e-03
5.5810000000e+03 2.9276900000e-03
5.5815493160e+03 2.8239900000e-03
5.5820000000e+03 2.7748500000e-03
5.5830000000e+03 2.6658000000e-03
5.5840000000e+03 2.5567600000e-03
5.5850000000e+03 2.4477300000e-03
5.5860000000e+03 2.3387000000e-03
5.5870000000e+03 2.2296800000e-03
5.5880000000e+03 2.1206600000e-03
5.5890000000e+03 2.0116400000e-03
5.5900000000e+03 1.9026300000e-03
5.5910000000e+03 1.7936300000e-03
5.5915522460e+03 1.7334300000e-03
5.5920000000e+03 1.7045300000e-03
5.5930000000e+03 1.6399900000e-03
5.5940000000e+03 1.5754500000e-03
5.5950000000e+03 1.5107800000e-03
5.5960000000e+03 1.4462500000e-03
5.5970000000e+03 1.3817200000e-03
5.5980000000e+03 1.3172000000e-03
5.5990000000e+03 1.2526800000e-03
5.6000000000e+03 1.1881600000e-03
5.6010000000e+03 1.1236500000e-03
5.6015546880e+03 1.0878600000e-03
5.6020000000e+03 1.0706600000e-03
5.6030000000e+03 1.0320400000e-03
5.6040000000e+03 9.9342700000e-04
5.6050000000e+03 9.5481100000e-04
5.6060000000e+03 9.1619800000e-04
5.6070000000e+03 8.7758600000e-04
5.6080000000e+03 8.3897500000e-04
5.6090000000e+03 8.0036600000e-04
5.6100000000e+03 7.6175900000e-04
5.6110000000e+03 7.2315300000e-04
5.6115576170e+03 7.0162700000e-04
5.6120000000e+03 6.9132500000e-04
5.6130000000e+03 6.6803700000e-04
5.6140000000e+03 6.4475100000e-04
5.6150000000e+03 6.2146600000e-04
5.6160000000e+03 5.9818100000e-04
5.6170000000e+03 5.7489800000e-04
5.6180000000e+03 5.5161600000e-04
5.6190000000e+03 5.2833400000e-04
5.6200000000e+03 5.0505400000e-04
5.6210000000e+03 4.8177400000e-04
5.6215600590e+03 4.6873700000e-04
5.6220000000e+03 4.6190400000e-04
5.6230000000e+03 4.4633500000e-04
5.6240000000e+03 4.3080600000e-04
5.6250000000e+03 4.1527800000e-04
5.6260000000e+03 3.9975000000e-04
5.6270000000e+03 3.8422300000e-04
5.6280000000e+03 3.6869700000e-04
5.6290000000e+03 3.5317200000e-04
5.6300000000e+03 3.3764700000e-04
5.6310000000e+03 3.2211400000e-04
5.6315629880e+03 3.1337000000e-04
5.6320000000e+03 3.0903300000e-04
5.6330000000e+03 2.9910900000e-04
5.6340000000e+03 2.8918700000e-04
5.6350000000e+03 2.7926500000e-04
5.6360000000e+03 2.6934400000e-04
5.6370000000e+03 2.5942500000e-04
5.6380000000e+03 2.4950600000e-04
5.6390000000e+03 2.3958800000e-04
5.6400000000e+03 2.2967100000e-04
5.6410000000e+03 2.1975500000e-04
5.6415654300e+03 2.1414900000e-04
5.6420000000e+03 2.1164500000e-04
5.6430000000e+03 2.0588200000e-04
5.6440000000e+03 2.0012000000e-04
5.6450000000e+03 1.9435800000e-04
5.6460000000e+03 1.8859700000e-04
5.6470000000e+03 1.8283700000e-04
5.6480000000e+03 1.7706200000e-04
5.6490000000e+03 1.7130300000e-04
5.6500000000e+03 1.6554400000e-04
5.6510000000e+03 1.5978700000e-04
5.6515678710e+03 1.5651700000e-04
5.6520000000e+03 1.5419600000e-04
5.6530000000e+03 1.4882500000e-04
5.6540000000e+03 1.4345400000e-04
5.6550000000e+03 1.3808400000e-04
5.6560000000e+03 1.3271500000e-04
5.6570000000e+03 1.2734600000e-04
5.6580000000e+03 1.2197700000e-04
5.6590000000e+03 1.1661000000e-04
5.6600000000e+03 1.1124200000e-04
5.6610000000e+03 1.0587500000e-04
5.6615708010e+03 1.0281200000e-04
5.6620000000e+03 1.0152600000e-04
5.6630000000e+03 9.8529400000e-05
5.6640000000e+03 9.5533200000e-05
5.6650000000e+03 9.2537400000e-05
5.6660000000e+03 8.9541800000e-05
5.6670000000e+03 8.6546600000e-05
5.6680000000e+03 8.3551600000e-05
5.6690000000e+03 8.0556900000e-05
5.6700000000e+03 7.7562500000e-05
5.6710000000e+03 7.4562100000e-05
5.6715737300e+03 7.2844500000e-05
5.6720000000e+03 7.2098400000e-05
5.6730000000e+03 7.0348300000e-05
5.6740000000e+03 6.8598300000e-05
5.6750000000e+03 6.6848500000e-05
5.6760000000e+03 6.5098900000e-05
5.6770000000e+03 6.3349400000e-05
5.6780000000e+03 6.1600200000e-05
5.6790000000e+03 5.9851100000e-05
5.6800000000e+03 5.8102100000e-05
5.6810000000e+03 5.6353400000e-05
5.6815761720e+03 5.5345900000e-05
