# photband: PS1_i
# source: SVO Filter Profile Service
# svo_id: PAN-STARRS/PS1.i
# detector_type: 1
# response_type: photon
# components: Filter + Instrument + Atmosphere
# profile_reference: http://ipp.ifa.hawaii.edu/ps1.filters/
# wavelength_unit: Angstrom
# columns: wavelength transmission
6.7100000000e+03 1.0000000000e-03
6.7200000000e+03 2.0000000000e-03
6.7300000000e+03 2.0000000000e-03
6.7400000000e+03 3.0000000000e-03
6.7500000000e+03 4.0000000000e-03
6.7600000000e+03 5.0000000000e-03
6.7700000000e+03 7.0000000000e-03
6.7800000000e+03 9.0000000000e-03
6.7900000000e+03 1.2000000000e-02
6.8000000000e+03 1.6000000000e-02
6.8100000000e+03 2.2000000000e-02
6.8200000000e+03 2.9000000000e-02
6.8300000000e+03 3.9000000000e-02
6.8400000000e+03 5.6000000000e-02
6.8500000000e+03 8.4000000000e-02
6.8600000000e+03 1.3300000000e-01
6.8700000000e+03 1.6900000000e-01
6.8800000000e+03 2.6400000000e-01
6.8900000000e+03 3.5000000000e-01
6.9000000000e+03 4.2600000000e-01
6.9100000000e+03 5.1200000000e-01
6.9200000000e+03 5.9100000000e-01
6.9300000000e+03 6.7000000000e-01
6.9400000000e+03 7.3700000000e-01
6.9500000000e+03 7.9200000000e-01
6.9600000000e+03 8.2100000000e-01
6.9700000000e+03 8.4300000000e-01
6.9800000000e+03 8.4800000000e-01
6.9900000000e+03 8.4600000000e-01
7.0000000000e+03 8.4800000000e-01
7.0100000000e+03 8.4700000000e-01
7.0200000000e+03 8.4700000000e-01
7.0300000000e+03 8.4500000000e-01
7.0400000000e+03 8.4800000000e-01
7.0500000000e+03 8.4900000000e-01
7.0600000000e+03 8.5200000000e-01
7.0700000000e+03 8.5300000000e-01
7.0800000000e+03 8.5100000000e-01
7.0900000000e+03 8.4900000000e-01
7.1000000000e+03 8.4700000000e-01
7.1100000000e+03 8.4700000000e-01
7.1200000000e+03 8.4900000000e-01
7.1300000000e+03 8.5200000000e-01
7.1400000000e+03 8.5500000000e-01
7.1500000000e+03 8.5700000000e-01
7.1600000000e+03 8.5900000000e-01
7.1700000000e+03 8.4400000000e-01
7.1800000000e+03 8.3300000000e-01
7.1900000000e+03 8.1600000000e-01
7.2000000000e+03 8.2500000000e-01
7.2100000000e+03 8.4200000000e-01
7.2200000000e+03 8.6300000000e-01
7.2300000000e+03 8.4600000000e-01
7.2400000000e+03 8.3300000000e-01
7.2500000000e+03 8.3300000000e-01
7.2600000000e+03 8.4200000000e-01
7.2700000000e+03 8.3500000000e-01
7.2800000000e+03 8.3300000000e-01
7.2900000000e+03 8.3100000000e-01
7.3000000000e+03 8.3800000000e-01
7.3100000000e+03 8.2800000000e-01
7.3200000000e+03 8.3800000000e-01
7.3300000000e+03 8.4600000000e-01
7.3400000000e+03 8.5000000000e-01
7.3500000000e+03 8.5300000000e-01
7.3600000000e+03 8.5700000000e-01
7.3700000000e+03 8.6000000000e-01
7.3800000000e+03 8.6400000000e-01
7.3900000000e+03 8.6400000000e-01
7.4000000000e+03 8.6500000000e-01
7.4100000000e+03 8.6500000000e-01
7.4200000000e+03 8.6600000000e-01
7.4300000000e+03 8.6500000000e-01
7.4400000000e+03 8.6500000000e-01
7.4500000000e+03 8.6500000000e-01
7.4600000000e+03 8.6500000000e-01
7.4700000000e+03 8.6500000000e-01
7.4800000000e+03 8.6500000000e-01
7.4900000000e+03 8.6700000000e-01
7.5000000000e+03 8.6800000000e-01
7.5100000000e+03 8.6800000000e-01
7.5200000000e+03 8.6900000000e-01
7.5300000000e+03 8.6800000000e-01
7.5400000000e+03 8.6800000000e-01
7.5500000000e+03 8.6700000000e-01
7.5600000000e+03 8.6600000000e-01
7.5700000000e+03 8.6400000000e-01
7.5800000000e+03 8.6300000000e-01
7.5900000000e+03 8.6000000000e-01
7.6000000000e+03 4.0800000000e-01
7.6100000000e+03 3.3100000000e-01
7.6200000000e+03 6.5500000000e-01
7.6300000000e+03 4.5600000000e-01
7.6400000000e+03 5.6200000000e-01
7.6500000000e+03 6.4000000000e-01
7.6600000000e+03 7.3000000000e-01
7.6700000000e+03 7.8300000000e-01
7.6800000000e+03 8.3300000000e-01
7.6900000000e+03 8.4500000000e-01
7.7000000000e+03 8.5900000000e-01
7.7100000000e+03 8.6500000000e-01
7.7200000000e+03 8.6500000000e-01
7.7300000000e+03 8.6300000000e-01
7.7400000000e+03 8.6000000000e-01
7.7500000000e+03 8.5800000000e-01
7.7600000000e+03 8.5500000000e-01
7.7700000000e+03 8.5300000000e-01
7.7800000000e+03 8.5100000000e-01
7.7900000000e+03 8.4800000000e-01
7.8000000000e+03 8.4400000000e-01
7.8100000000e+03 8.4200000000e-01
7.8200000000e+03 8.4100000000e-01
7.8300000000e+03 8.4000000000e-01
7.8400000000e+03 8.3800000000e-01
7.8500000000e+03 8.3600000000e-01
7.8600000000e+03 8.3300000000e-01
7.8700000000e+03 8.3000000000e-01
7.8800000000e+03 8.2800000000e-01
7.8900000000e+03 8.2400000000e-01
7.9000000000e+03 8.2000000000e-01
7.9100000000e+03 8.2200000000e-01
7.9200000000e+03 8.2400000000e-01
7.9300000000e+03 8.2700000000e-01
7.9400000000e+03 8.3400000000e-01
7.9500000000e+03 8.3800000000e-01
7.9600000000e+03 8.3800000000e-01
7.9700000000e+03 8.4300000000e-01
7.9800000000e+03 8.4600000000e-01
7.9900000000e+03 8.4400000000e-01
8.0000000000e+03 8.4100000000e-01
8.0100000000e+03 8.3800000000e-01
8.0200000000e+03 8.3500000000e-01
8.0300000000e+03 8.3400000000e-01
8.0400000000e+03 8.3200000000e-01
8.0500000000e+03 8.3000000000e-01
8.0600000000e+03 8.2800000000e-01
8.0700000000e+03 8.2400000000e-01
8.0800000000e+03 8.2100000000e-01
8.0900000000e+03 8.1700000000e-01
8.1000000000e+03 8.1300000000e-01
8.1100000000e+03 8.1000000000e-01
8.1200000000e+03 8.0400000000e-01
8.1300000000e+03 7.9800000000e-01
8.1400000000e+03 7.8000000000e-01
8.1500000000e+03 7.6700000000e-01
8.1600000000e+03 7.2800000000e-01
8.1700000000e+03 6.8400000000e-01
8.1800000000e+03 6.0900000000e-01
8.1900000000e+03 5.2300000000e-01
8.2000000000e+03 4.0800000000e-01
8.2100000000e+03 3.1300000000e-01
8.2200000000e+03 2.2100000000e-01
8.2300000000e+03 1.4200000000e-01
8.2400000000e+03 1.0400000000e-01
8.2500000000e+03 7.1000000000e-02
8.2600000000e+03 4.7000000000e-02
8.2700000000e+03 3.3000000000e-02
8.2800000000e+03 2.1000000000e-02
8.2900000000e+03 1.5000000000e-02
8.3000000000e+03 1.0000000000e-02
8.3100000000e+03 7.0000000000e-03
8.3200000000e+03 5.0000000000e-03
8.3300000000e+03 4.0000000000e-03
8.3400000000e+03 3.0000000000e-03
8.3500000000e+03 2.0000000000e-03
8.3600000000e+03 2.0000000000e-03
8.3700000000e+03 1.0000000000e-03
