# photband: SPITZER_IRAC_45
# source: SVO Filter Profile Service
# svo_id: Spitzer/IRAC.I2
# detector_type: 0
# response_type: energy
# components: Filter + Instrument
# profile_reference: http://ssc.spitzer.caltech.edu/irac/spectral_response.html
# wavelength_unit: Angstrom
# columns: wavelength transmission
3.7224900000e+04 1.2010000000e-03
3.7251600000e+04 1.0990000000e-03
3.7278400000e+04 1.1170000000e-03
3.7305200000e+04 1.2130000000e-03
3.7332100000e+04 1.2110000000e-03
3.7359000000e+04 1.2530000000e-03
3.7385900000e+04 1.2310000000e-03
3.7412900000e+04 1.2090000000e-03
3.7439900000e+04 1.2370000000e-03
3.7466900000e+04 1.1970000000e-03
3.7494000000e+04 1.1280000000e-03
3.7521200000e+04 1.0910000000e-03
3.7548300000e+04 1.0370000000e-03
3.7575500000e+04 9.5600000000e-04
3.7602800000e+04 8.5800000000e-04
3.7630100000e+04 7.1700000000e-04
3.7657400000e+04 6.0200000000e-04
3.7684800000e+04 5.7800000000e-04
3.7712200000e+04 5.8700000000e-04
3.7739600000e+04 4.7400000000e-04
3.7767100000e+04 3.7700000000e-04
3.7794600000e+04 3.1700000000e-04
3.7822200000e+04 2.3300000000e-04
3.7849800000e+04 2.3000000000e-04
3.7877500000e+04 1.5700000000e-04
3.7905100000e+04 2.2800000000e-04
3.7932900000e+04 4.2400000000e-04
3.7960600000e+04 4.7400000000e-04
3.7988400000e+04 5.6300000000e-04
3.8016300000e+04 6.3300000000e-04
3.8044200000e+04 4.5100000000e-04
3.8072100000e+04 4.6400000000e-04
3.8100100000e+04 8.5000000000e-04
3.8128100000e+04 9.4200000000e-04
3.8156200000e+04 8.1200000000e-04
3.8184300000e+04 1.0390000000e-03
3.8212400000e+04 1.1360000000e-03
3.8240600000e+04 1.0400000000e-03
3.8268800000e+04 1.3220000000e-03
3.8297100000e+04 1.3610000000e-03
3.8325400000e+04 1.1940000000e-03
3.8353700000e+04 1.1840000000e-03
3.8382100000e+04 1.1080000000e-03
3.8410500000e+04 1.1270000000e-03
3.8439000000e+04 1.1910000000e-03
3.8467500000e+04 1.1420000000e-03
3.8496100000e+04 1.1380000000e-03
3.8524700000e+04 9.4600000000e-04
3.8553300000e+04 9.7200000000e-04
3.8582000000e+04 1.0210000000e-03
3.8610700000e+04 7.7300000000e-04
3.8639500000e+04 6.9300000000e-04
3.8668300000e+04 6.4700000000e-04
3.8697200000e+04 5.2300000000e-04
3.8726100000e+04 4.5100000000e-04
3.8755000000e+04 3.6600000000e-04
3.8784000000e+04 3.9800000000e-04
3.8813000000e+04 3.9100000000e-04
3.8842100000e+04 2.2300000000e-04
3.8871200000e+04 2.2600000000e-04
3.8900400000e+04 3.0700000000e-04
3.8929600000e+04 4.0100000000e-04
3.8958900000e+04 6.6400000000e-04
3.8988100000e+04 1.2060000000e-03
3.9017500000e+04 1.6240000000e-03
3.9046900000e+04 1.9200000000e-03
3.9076300000e+04 2.6970000000e-03
3.9105800000e+04 3.5590000000e-03
3.9135300000e+04 4.2360000000e-03
3.9164800000e+04 5.1630000000e-03
3.9194400000e+04 6.2730000000e-03
3.9224100000e+04 7.3270000000e-03
3.9253800000e+04 8.7860000000e-03
3.9283500000e+04 1.0680000000e-02
3.9313300000e+04 1.2370000000e-02
3.9343100000e+04 1.4320000000e-02
3.9373000000e+04 1.6680000000e-02
3.9402900000e+04 1.9370000000e-02
3.9432900000e+04 2.2320000000e-02
3.9462900000e+04 2.5810000000e-02
3.9492900000e+04 2.9940000000e-02
3.9523000000e+04 3.4790000000e-02
3.9553200000e+04 4.0240000000e-02
3.9583400000e+04 4.6900000000e-02
3.9613600000e+04 5.4810000000e-02
3.9643900000e+04 6.3810000000e-02
3.9674200000e+04 7.4360000000e-02
3.9704600000e+04 8.6690000000e-02
3.9735000000e+04 1.0100000000e-01
3.9765500000e+04 1.1750000000e-01
3.9796000000e+04 1.3580000000e-01
3.9826600000e+04 1.5730000000e-01
3.9857200000e+04 1.7930000000e-01
3.9887900000e+04 2.0230000000e-01
3.9918600000e+04 2.2810000000e-01
3.9949300000e+04 2.5220000000e-01
3.9980100000e+04 2.7750000000e-01
4.0011000000e+04 3.0040000000e-01
4.0041900000e+04 3.2070000000e-01
4.0072800000e+04 3.3900000000e-01
4.0103800000e+04 3.5500000000e-01
4.0134900000e+04 3.6690000000e-01
4.0165900000e+04 3.7550000000e-01
4.0197100000e+04 3.8050000000e-01
4.0228300000e+04 3.8370000000e-01
4.0259500000e+04 3.8540000000e-01
4.0290800000e+04 3.8460000000e-01
4.0322100000e+04 3.8240000000e-01
4.0353500000e+04 3.7980000000e-01
4.0384900000e+04 3.7810000000e-01
4.0416400000e+04 3.7430000000e-01
4.0447900000e+04 3.6950000000e-01
4.0479500000e+04 3.6570000000e-01
4.0511100000e+04 3.6070000000e-01
4.0542800000e+04 3.5680000000e-01
4.0574500000e+04 3.5310000000e-01
4.0606300000e+04 3.4880000000e-01
4.0638100000e+04 3.4430000000e-01
4.0670000000e+04 3.4020000000e-01
4.0701900000e+04 3.3670000000e-01
4.0733900000e+04 3.3370000000e-01
4.0765900000e+04 3.3080000000e-01
4.0798000000e+04 3.2830000000e-01
4.0830100000e+04 3.2680000000e-01
4.0862300000e+04 3.2620000000e-01
4.0894500000e+04 3.2540000000e-01
4.0926800000e+04 3.2490000000e-01
4.0959100000e+04 3.2510000000e-01
4.0991500000e+04 3.2600000000e-01
4.1023900000e+04 3.2830000000e-01
4.1056400000e+04 3.3030000000e-01
4.1088900000e+04 3.3240000000e-01
4.1121500000e+04 3.3510000000e-01
4.1154200000e+04 3.3860000000e-01
4.1186800000e+04 3.4480000000e-01
4.1219600000e+04 3.5070000000e-01
4.1252400000e+04 3.5520000000e-01
4.1285200000e+04 3.6170000000e-01
4.1318100000e+04 3.6890000000e-01
4.1351100000e+04 3.7640000000e-01
4.1384100000e+04 3.8380000000e-01
4.1417100000e+04 3.9160000000e-01
4.1450200000e+04 3.9950000000e-01
4.1483400000e+04 4.0850000000e-01
4.1516600000e+04 4.1810000000e-01
4.1549900000e+04 4.2690000000e-01
4.1583200000e+04 4.3490000000e-01
4.1616600000e+04 4.4110000000e-01
4.1650000000e+04 4.4730000000e-01
4.1683500000e+04 4.5450000000e-01
4.1717000000e+04 4.6050000000e-01
4.1750600000e+04 4.6600000000e-01
4.1784200000e+04 4.7090000000e-01
4.1817900000e+04 4.7550000000e-01
4.1851700000e+04 4.7980000000e-01
4.1885500000e+04 4.8410000000e-01
4.1919300000e+04 4.8850000000e-01
4.1953300000e+04 4.9080000000e-01
4.1987200000e+04 4.9220000000e-01
4.2021300000e+04 4.9480000000e-01
4.2055300000e+04 4.9670000000e-01
4.2089500000e+04 4.9720000000e-01
4.2123700000e+04 4.9740000000e-01
4.2157900000e+04 4.9700000000e-01
4.2192200000e+04 4.9720000000e-01
4.2226600000e+04 4.9630000000e-01
4.2261000000e+04 4.9420000000e-01
4.2295500000e+04 4.9230000000e-01
4.2330000000e+04 4.9040000000e-01
4.2364600000e+04 4.8830000000e-01
4.2399200000e+04 4.8730000000e-01
4.2433900000e+04 4.8470000000e-01
4.2468700000e+04 4.8050000000e-01
4.2503500000e+04 4.7730000000e-01
4.2538300000e+04 4.7490000000e-01
4.2573300000e+04 4.7280000000e-01
4.2608200000e+04 4.7040000000e-01
4.2643300000e+04 4.6800000000e-01
4.2678400000e+04 4.6740000000e-01
4.2713500000e+04 4.6640000000e-01
4.2748700000e+04 4.6460000000e-01
4.2784000000e+04 4.6510000000e-01
4.2819300000e+04 4.6590000000e-01
4.2854700000e+04 4.6570000000e-01
4.2890200000e+04 4.6620000000e-01
4.2925700000e+04 4.6770000000e-01
4.2961300000e+04 4.7140000000e-01
4.2996900000e+04 4.7440000000e-01
4.3032600000e+04 4.7730000000e-01
4.3068300000e+04 4.8070000000e-01
4.3104100000e+04 4.8320000000e-01
4.3140000000e+04 4.8640000000e-01
4.3175900000e+04 4.9020000000e-01
4.3211900000e+04 4.9290000000e-01
4.3247900000e+04 4.9540000000e-01
4.3284000000e+04 4.9830000000e-01
4.3320200000e+04 5.0140000000e-01
4.3356400000e+04 5.0460000000e-01
4.3392700000e+04 5.0690000000e-01
4.3429000000e+04 5.0900000000e-01
4.3465400000e+04 5.1080000000e-01
4.3501900000e+04 5.1280000000e-01
4.3538400000e+04 5.1480000000e-01
4.3575000000e+04 5.1560000000e-01
4.3611600000e+04 5.1620000000e-01
4.3648300000e+04 5.1940000000e-01
4.3685100000e+04 5.2280000000e-01
4.3721900000e+04 5.2370000000e-01
4.3758800000e+04 5.2520000000e-01
4.3795800000e+04 5.2790000000e-01
4.3832800000e+04 5.2990000000e-01
4.3869900000e+04 5.3130000000e-01
4.3907100000e+04 5.3360000000e-01
4.3944300000e+04 5.3680000000e-01
4.3981500000e+04 5.3910000000e-01
4.4018900000e+04 5.4070000000e-01
4.4056300000e+04 5.4230000000e-01
4.4093700000e+04 5.4380000000e-01
4.4131300000e+04 5.4590000000e-01
4.4168900000e+04 5.4730000000e-01
4.4206500000e+04 5.4700000000e-01
4.4244200000e+04 5.4710000000e-01
4.4282000000e+04 5.4790000000e-01
4.4319900000e+04 5.4800000000e-01
4.4357800000e+04 5.4810000000e-01
4.4395700000e+04 5.4810000000e-01
4.4433800000e+04 5.4640000000e-01
4.4471900000e+04 5.4620000000e-01
4.4510100000e+04 5.4670000000e-01
4.4548300000e+04 5.4430000000e-01
4.4586600000e+04 5.4190000000e-01
4.4625000000e+04 5.4170000000e-01
4.4663400000e+04 5.4180000000e-01
4.4701900000e+04 5.4000000000e-01
4.4740500000e+04 5.3750000000e-01
4.4779100000e+04 5.3650000000e-01
4.4817800000e+04 5.3510000000e-01
4.4856600000e+04 5.3230000000e-01
4.4895400000e+04 5.3100000000e-01
4.4934300000e+04 5.2970000000e-01
4.4973300000e+04 5.2660000000e-01
4.5012400000e+04 5.2350000000e-01
4.5051500000e+04 5.2180000000e-01
4.5090600000e+04 5.1910000000e-01
4.5129900000e+04 5.1650000000e-01
4.5169200000e+04 5.1550000000e-01
4.5208600000e+04 5.1350000000e-01
4.5248000000e+04 5.1100000000e-01
4.5287500000e+04 5.0990000000e-01
4.5327100000e+04 5.0820000000e-01
4.5366800000e+04 5.0670000000e-01
4.5406500000e+04 5.0690000000e-01
4.5446300000e+04 5.0690000000e-01
4.5486200000e+04 5.0520000000e-01
4.5526100000e+04 5.0400000000e-01
4.5566100000e+04 5.0370000000e-01
4.5606200000e+04 5.0320000000e-01
4.5646300000e+04 5.0340000000e-01
4.5686500000e+04 5.0320000000e-01
4.5726800000e+04 5.0180000000e-01
4.5767200000e+04 5.0060000000e-01
4.5807600000e+04 4.9980000000e-01
4.5848100000e+04 4.9810000000e-01
4.5888700000e+04 4.9550000000e-01
4.5929300000e+04 4.9390000000e-01
4.5970100000e+04 4.9300000000e-01
4.6010900000e+04 4.9110000000e-01
4.6051700000e+04 4.8890000000e-01
4.6092700000e+04 4.8600000000e-01
4.6133700000e+04 4.8360000000e-01
4.6174700000e+04 4.8120000000e-01
4.6215900000e+04 4.7770000000e-01
4.6257100000e+04 4.7520000000e-01
4.6298400000e+04 4.7250000000e-01
4.6339800000e+04 4.6970000000e-01
4.6381200000e+04 4.7050000000e-01
4.6422800000e+04 4.7170000000e-01
4.6464400000e+04 4.7260000000e-01
4.6506000000e+04 4.7440000000e-01
4.6547800000e+04 4.7510000000e-01
4.6589600000e+04 4.7650000000e-01
4.6631500000e+04 4.7970000000e-01
4.6673500000e+04 4.8260000000e-01
4.6715500000e+04 4.8450000000e-01
4.6757600000e+04 4.8630000000e-01
4.6799800000e+04 4.8890000000e-01
4.6842100000e+04 4.9100000000e-01
4.6884500000e+04 4.9230000000e-01
4.6926900000e+04 4.9410000000e-01
4.6969400000e+04 4.9550000000e-01
4.7012000000e+04 4.9700000000e-01
4.7054700000e+04 4.9830000000e-01
4.7097400000e+04 4.9850000000e-01
4.7140200000e+04 4.9790000000e-01
4.7183100000e+04 4.9660000000e-01
4.7226100000e+04 4.9460000000e-01
4.7269100000e+04 4.9380000000e-01
4.7312300000e+04 4.9230000000e-01
4.7355500000e+04 4.8910000000e-01
4.7398700000e+04 4.8530000000e-01
4.7442100000e+04 4.8330000000e-01
4.7485600000e+04 4.8050000000e-01
4.7529100000e+04 4.7670000000e-01
4.7572700000e+04 4.7380000000e-01
4.7616400000e+04 4.7070000000e-01
4.7660100000e+04 4.6710000000e-01
4.7704000000e+04 4.6480000000e-01
4.7747900000e+04 4.6220000000e-01
4.7791900000e+04 4.5820000000e-01
4.7836000000e+04 4.5430000000e-01
4.7880200000e+04 4.5130000000e-01
4.7924400000e+04 4.4960000000e-01
4.7968800000e+04 4.4850000000e-01
4.8013200000e+04 4.4670000000e-01
4.8057700000e+04 4.4520000000e-01
4.8102300000e+04 4.4360000000e-01
4.8146900000e+04 4.4210000000e-01
4.8191700000e+04 4.4210000000e-01
4.8236500000e+04 4.4210000000e-01
4.8281400000e+04 4.4050000000e-01
4.8326400000e+04 4.3990000000e-01
4.8371500000e+04 4.4100000000e-01
4.8416600000e+04 4.4110000000e-01
4.8461900000e+04 4.4050000000e-01
4.8507200000e+04 4.4090000000e-01
4.8552700000e+04 4.4100000000e-01
4.8598200000e+04 4.4060000000e-01
4.8643700000e+04 4.4110000000e-01
4.8689400000e+04 4.4100000000e-01
4.8735200000e+04 4.4110000000e-01
4.8781000000e+04 4.4140000000e-01
4.8827000000e+04 4.4180000000e-01
4.8873000000e+04 4.4350000000e-01
4.8919100000e+04 4.4410000000e-01
4.8965300000e+04 4.4460000000e-01
4.9011600000e+04 4.4540000000e-01
4.9057900000e+04 4.4610000000e-01
4.9104400000e+04 4.4600000000e-01
4.9150900000e+04 4.4380000000e-01
4.9197600000e+04 4.4190000000e-01
4.9244300000e+04 4.3910000000e-01
4.9291100000e+04 4.3440000000e-01
4.9338000000e+04 4.2710000000e-01
4.9385000000e+04 4.1870000000e-01
4.9432100000e+04 4.1080000000e-01
4.9479200000e+04 4.0230000000e-01
4.9526500000e+04 3.9360000000e-01
4.9573800000e+04 3.8610000000e-01
4.9621300000e+04 3.8000000000e-01
4.9668800000e+04 3.7640000000e-01
4.9716400000e+04 3.7430000000e-01
4.9764100000e+04 3.7260000000e-01
4.9811900000e+04 3.7160000000e-01
4.9859800000e+04 3.7280000000e-01
4.9907800000e+04 3.6860000000e-01
4.9955900000e+04 3.5620000000e-01
5.0004100000e+04 3.3030000000e-01
5.0052300000e+04 2.9320000000e-01
5.0100700000e+04 2.4780000000e-01
5.0149200000e+04 1.9270000000e-01
5.0197700000e+04 1.3900000000e-01
5.0246300000e+04 9.6840000000e-02
5.0295100000e+04 6.5350000000e-02
5.0343900000e+04 4.2360000000e-02
5.0392800000e+04 2.7350000000e-02
5.0441900000e+04 1.7490000000e-02
5.0491000000e+04 1.0810000000e-02
5.0540200000e+04 6.6940000000e-03
5.0589500000e+04 3.7580000000e-03
5.0638900000e+04 1.9930000000e-03
5.0688400000e+04 9.0100000000e-04
5.0738000000e+04 5.9100000000e-04
5.0787700000e+04 4.8600000000e-04
5.0837500000e+04 3.0300000000e-04
5.0887400000e+04 3.0000000000e-04
5.0937400000e+04 3.6900000000e-04
5.0987400000e+04 3.0300000000e-04
5.1037600000e+04 2.0500000000e-04
5.1087900000e+04 1.8000000000e-04
5.1138300000e+04 9.6000000000e-05
5.1188800000e+04 1.0800000000e-04
5.1239400000e+04 1.1800000000e-04
5.1290000000e+04 1.9000000000e-04
5.1340800000e+04 2.7400000000e-04
5.1391700000e+04 2.6500000000e-04
5.1442700000e+04 3.0500000000e-04
5.1493800000e+04 3.1500000000e-04
5.1545000000e+04 2.8300000000e-04
5.1596300000e+04 3.7100000000e-04
5.1647600000e+04 4.5800000000e-04
5.1699100000e+04 4.6600000000e-04
5.1750700000e+04 4.6000000000e-04
5.1802400000e+04 5.0000000000e-04
5.1854200000e+04 4.8900000000e-04
5.1906100000e+04 4.1100000000e-04
5.1958100000e+04 4.2100000000e-04
5.2010300000e+04 4.7700000000e-04
5.2062500000e+04 4.3100000000e-04
5.2114800000e+04 3.8400000000e-04
5.2167200000e+04 4.0200000000e-04
5.2219800000e+04 3.8600000000e-04
