# photband: WFCAM_K
# source: SVO Filter Profile Service
# svo_id: UKIRT/WFCAM.K
# detector_type: 1
# response_type: photon
# components: Filter + Instrument + Atmosphere
# profile_reference: http://adsabs.harvard.edu/abs/2006MNRAS.367..454H
# wavelength_unit: Angstrom
# columns: wavelength transmission
1.9605000000e+04 4.4000000000e-03
1.9610000000e+04 3.3000000000e-03
1.9615000000e+04 4.1000000000e-03
1.9620000000e+04 3.9000000000e-03
1.9625000000e+04 4.7000000000e-03
1.9630000000e+04 4.2000000000e-03
1.9635000000e+04 3.4000000000e-03
1.9640000000e+04 3.2000000000e-03
1.9645000000e+04 3.8000000000e-03
1.9650000000e+04 5.3000000000e-03
1.9655000000e+04 4.6000000000e-03
1.9660000000e+04 3.5000000000e-03
1.9665000000e+04 4.7000000000e-03
1.9670000000e+04 6.1000000000e-03
1.9675000000e+04 5.2000000000e-03
1.9680000000e+04 4.0000000000e-03
1.9685000000e+04 6.1000000000e-03
1.9690000000e+04 6.5000000000e-03
1.9695000000e+04 5.3000000000e-03
1.9700000000e+04 6.0000000000e-03
1.9705000000e+04 7.3000000000e-03
1.9710000000e+04 5.9000000000e-03
1.9715000000e+04 5.3000000000e-03
1.9720000000e+04 7.2000000000e-03
1.9725000000e+04 7.1000000000e-03
1.9730000000e+04 7.0000000000e-03
1.9735000000e+04 8.3000000000e-03
1.9740000000e+04 7.3000000000e-03
1.9745000000e+04 7.7000000000e-03
1.9750000000e+04 9.0000000000e-03
1.9755000000e+04 8.6000000000e-03
1.9760000000e+04 8.4000000000e-03
1.9765000000e+04 9.6000000000e-03
1.9770000000e+04 9.4000000000e-03
1.9775000000e+04 9.6000000000e-03
1.9780000000e+04 1.0000000000e-02
1.9785000000e+04 1.0000000000e-02
1.9790000000e+04 1.0600000000e-02
1.9795000000e+04 1.0200000000e-02
1.9800000000e+04 8.3000000000e-03
1.9805000000e+04 9.2000000000e-03
1.9810000000e+04 1.1400000000e-02
1.9815000000e+04 1.1800000000e-02
1.9820000000e+04 1.2000000000e-02
1.9825000000e+04 1.2200000000e-02
1.9830000000e+04 1.1800000000e-02
1.9835000000e+04 1.2800000000e-02
1.9840000000e+04 1.3100000000e-02
1.9845000000e+04 1.3300000000e-02
1.9850000000e+04 1.3300000000e-02
1.9855000000e+04 1.3600000000e-02
1.9860000000e+04 1.4200000000e-02
1.9865000000e+04 1.4400000000e-02
1.9870000000e+04 1.1100000000e-02
1.9875000000e+04 1.4900000000e-02
1.9880000000e+04 1.5400000000e-02
1.9885000000e+04 1.5800000000e-02
1.9890000000e+04 1.6200000000e-02
1.9895000000e+04 1.6500000000e-02
1.9900000000e+04 1.5100000000e-02
1.9905000000e+04 1.6300000000e-02
1.9910000000e+04 1.7500000000e-02
1.9915000000e+04 1.8200000000e-02
1.9920000000e+04 1.8500000000e-02
1.9925000000e+04 1.8900000000e-02
1.9930000000e+04 1.9400000000e-02
1.9935000000e+04 1.9800000000e-02
1.9940000000e+04 1.9300000000e-02
1.9945000000e+04 2.0300000000e-02
1.9950000000e+04 2.1100000000e-02
1.9955000000e+04 2.0600000000e-02
1.9960000000e+04 2.1200000000e-02
1.9965000000e+04 2.0900000000e-02
1.9970000000e+04 2.0300000000e-02
1.9975000000e+04 2.0200000000e-02
1.9980000000e+04 1.8100000000e-02
1.9985000000e+04 1.8600000000e-02
1.9990000000e+04 1.7100000000e-02
1.9995000000e+04 1.7100000000e-02
2.0000000000e+04 1.8200000000e-02
2.0005000000e+04 1.6400000000e-02
2.0010000000e+04 1.3900000000e-02
2.0015000000e+04 1.1800000000e-02
2.0020000000e+04 1.1700000000e-02
2.0025000000e+04 1.0600000000e-02
2.0030000000e+04 8.5000000000e-03
2.0035000000e+04 1.0300000000e-02
2.0040000000e+04 1.0200000000e-02
2.0045000000e+04 9.5000000000e-03
2.0050000000e+04 1.1600000000e-02
2.0055000000e+04 1.2900000000e-02
2.0060000000e+04 1.7100000000e-02
2.0065000000e+04 2.0800000000e-02
2.0070000000e+04 2.2100000000e-02
2.0075000000e+04 1.9700000000e-02
2.0080000000e+04 1.7900000000e-02
2.0085000000e+04 2.5900000000e-02
2.0090000000e+04 3.6500000000e-02
2.0095000000e+04 2.4200000000e-02
2.0100000000e+04 2.6100000000e-02
2.0105000000e+04 3.2200000000e-02
2.0110000000e+04 2.3000000000e-02
2.0115000000e+04 1.7800000000e-02
2.0120000000e+04 2.7900000000e-02
2.0125000000e+04 3.3100000000e-02
2.0130000000e+04 2.2900000000e-02
2.0135000000e+04 1.9700000000e-02
2.0140000000e+04 3.7300000000e-02
2.0145000000e+04 3.2500000000e-02
2.0150000000e+04 1.9100000000e-02
2.0155000000e+04 4.2700000000e-02
2.0160000000e+04 3.8600000000e-02
2.0165000000e+04 2.4600000000e-02
2.0170000000e+04 4.7000000000e-02
2.0175000000e+04 4.0600000000e-02
2.0180000000e+04 3.2100000000e-02
2.0185000000e+04 5.8300000000e-02
2.0190000000e+04 4.0200000000e-02
2.0195000000e+04 5.6200000000e-02
2.0200000000e+04 6.3000000000e-02
2.0205000000e+04 4.6800000000e-02
2.0210000000e+04 7.4100000000e-02
2.0215000000e+04 5.9000000000e-02
2.0220000000e+04 6.8700000000e-02
2.0225000000e+04 8.4300000000e-02
2.0230000000e+04 6.6800000000e-02
2.0235000000e+04 8.9000000000e-02
2.0240000000e+04 7.3900000000e-02
2.0245000000e+04 9.2200000000e-02
2.0250000000e+04 9.1800000000e-02
2.0255000000e+04 9.6300000000e-02
2.0260000000e+04 1.0220000000e-01
2.0265000000e+04 9.8900000000e-02
2.0270000000e+04 1.0980000000e-01
2.0275000000e+04 1.0400000000e-01
2.0280000000e+04 1.1390000000e-01
2.0285000000e+04 1.0910000000e-01
2.0290000000e+04 1.2150000000e-01
2.0295000000e+04 1.1870000000e-01
2.0300000000e+04 1.2770000000e-01
2.0305000000e+04 1.2550000000e-01
2.0310000000e+04 1.3100000000e-01
2.0315000000e+04 1.3300000000e-01
2.0320000000e+04 1.3600000000e-01
2.0325000000e+04 1.3760000000e-01
2.0330000000e+04 1.3930000000e-01
2.0335000000e+04 1.4110000000e-01
2.0340000000e+04 1.4470000000e-01
2.0345000000e+04 1.4680000000e-01
2.0350000000e+04 1.4920000000e-01
2.0355000000e+04 1.5120000000e-01
2.0360000000e+04 1.5290000000e-01
2.0365000000e+04 1.5490000000e-01
2.0370000000e+04 1.5700000000e-01
2.0375000000e+04 1.5880000000e-01
2.0380000000e+04 1.6100000000e-01
2.0385000000e+04 1.6230000000e-01
2.0390000000e+04 1.6450000000e-01
2.0395000000e+04 1.6480000000e-01
2.0400000000e+04 1.6220000000e-01
2.0405000000e+04 1.6240000000e-01
2.0410000000e+04 1.6500000000e-01
2.0415000000e+04 1.6600000000e-01
2.0420000000e+04 1.6840000000e-01
2.0425000000e+04 1.7380000000e-01
2.0430000000e+04 1.7610000000e-01
2.0435000000e+04 1.7820000000e-01
2.0440000000e+04 1.7490000000e-01
2.0445000000e+04 1.7640000000e-01
2.0450000000e+04 1.8020000000e-01
2.0455000000e+04 1.8250000000e-01
2.0460000000e+04 1.8270000000e-01
2.0465000000e+04 1.8080000000e-01
2.0470000000e+04 1.7990000000e-01
2.0475000000e+04 1.7670000000e-01
2.0480000000e+04 1.7230000000e-01
2.0485000000e+04 1.7310000000e-01
2.0490000000e+04 1.7070000000e-01
2.0495000000e+04 1.5750000000e-01
2.0500000000e+04 1.5620000000e-01
2.0505000000e+04 1.5210000000e-01
2.0510000000e+04 1.3520000000e-01
2.0515000000e+04 1.3530000000e-01
2.0520000000e+04 1.3820000000e-01
2.0525000000e+04 1.3820000000e-01
2.0530000000e+04 1.5790000000e-01
2.0535000000e+04 1.6360000000e-01
2.0540000000e+04 1.5470000000e-01
2.0545000000e+04 1.3510000000e-01
2.0550000000e+04 1.2010000000e-01
2.0555000000e+04 1.1680000000e-01
2.0560000000e+04 1.4910000000e-01
2.0565000000e+04 1.6220000000e-01
2.0570000000e+04 1.6060000000e-01
2.0575000000e+04 1.3030000000e-01
2.0580000000e+04 1.3000000000e-01
2.0585000000e+04 1.6840000000e-01
2.0590000000e+04 1.8300000000e-01
2.0595000000e+04 1.7280000000e-01
2.0600000000e+04 1.7110000000e-01
2.0605000000e+04 1.9940000000e-01
2.0610000000e+04 1.6020000000e-01
2.0615000000e+04 1.6590000000e-01
2.0620000000e+04 1.8840000000e-01
2.0625000000e+04 1.6270000000e-01
2.0630000000e+04 1.2220000000e-01
2.0635000000e+04 1.6820000000e-01
2.0640000000e+04 1.8140000000e-01
2.0645000000e+04 1.3120000000e-01
2.0650000000e+04 1.4570000000e-01
2.0655000000e+04 1.8670000000e-01
2.0660000000e+04 1.5510000000e-01
2.0665000000e+04 1.3630000000e-01
2.0670000000e+04 1.8630000000e-01
2.0675000000e+04 1.7470000000e-01
2.0680000000e+04 1.3870000000e-01
2.0685000000e+04 1.8870000000e-01
2.0690000000e+04 1.8270000000e-01
2.0695000000e+04 1.4750000000e-01
2.0700000000e+04 1.9400000000e-01
2.0705000000e+04 1.8300000000e-01
2.0710000000e+04 1.5910000000e-01
2.0715000000e+04 1.9790000000e-01
2.0720000000e+04 1.7580000000e-01
2.0725000000e+04 1.8140000000e-01
2.0730000000e+04 2.0380000000e-01
2.0735000000e+04 1.7560000000e-01
2.0740000000e+04 1.9640000000e-01
2.0745000000e+04 1.9620000000e-01
2.0750000000e+04 1.7610000000e-01
2.0755000000e+04 2.0440000000e-01
2.0760000000e+04 1.9580000000e-01
2.0765000000e+04 2.0250000000e-01
2.0770000000e+04 2.0460000000e-01
2.0775000000e+04 1.9670000000e-01
2.0780000000e+04 2.0820000000e-01
2.0785000000e+04 2.0530000000e-01
2.0790000000e+04 2.1110000000e-01
2.0795000000e+04 2.1340000000e-01
2.0800000000e+04 2.0900000000e-01
2.0805000000e+04 2.1410000000e-01
2.0810000000e+04 2.1060000000e-01
2.0815000000e+04 2.1190000000e-01
2.0820000000e+04 2.0960000000e-01
2.0825000000e+04 2.1000000000e-01
2.0830000000e+04 2.1020000000e-01
2.0835000000e+04 2.0960000000e-01
2.0840000000e+04 2.0930000000e-01
2.0845000000e+04 2.1070000000e-01
2.0850000000e+04 2.0890000000e-01
2.0855000000e+04 2.0900000000e-01
2.0860000000e+04 2.1300000000e-01
2.0865000000e+04 2.1440000000e-01
2.0870000000e+04 2.1060000000e-01
2.0875000000e+04 2.1550000000e-01
2.0880000000e+04 2.1610000000e-01
2.0885000000e+04 2.1140000000e-01
2.0890000000e+04 2.1720000000e-01
2.0895000000e+04 2.1620000000e-01
2.0900000000e+04 2.1130000000e-01
2.0905000000e+04 2.1860000000e-01
2.0910000000e+04 2.1620000000e-01
2.0915000000e+04 2.1670000000e-01
2.0920000000e+04 2.1940000000e-01
2.0925000000e+04 2.1600000000e-01
2.0930000000e+04 2.1960000000e-01
2.0935000000e+04 2.1900000000e-01
2.0940000000e+04 2.1510000000e-01
2.0945000000e+04 2.2050000000e-01
2.0950000000e+04 2.1950000000e-01
2.0955000000e+04 2.2060000000e-01
2.0960000000e+04 2.2050000000e-01
2.0965000000e+04 2.2100000000e-01
2.0970000000e+04 2.2140000000e-01
2.0975000000e+04 2.2140000000e-01
2.0980000000e+04 2.2130000000e-01
2.0985000000e+04 2.1840000000e-01
2.0990000000e+04 2.1910000000e-01
2.0995000000e+04 2.2240000000e-01
2.1000000000e+04 2.2190000000e-01
2.1005000000e+04 2.1950000000e-01
2.1010000000e+04 2.2160000000e-01
2.1015000000e+04 2.1980000000e-01
2.1020000000e+04 2.2110000000e-01
2.1025000000e+04 2.2200000000e-01
2.1030000000e+04 2.2210000000e-01
2.1035000000e+04 2.2310000000e-01
2.1040000000e+04 2.2320000000e-01
2.1045000000e+04 2.2270000000e-01
2.1050000000e+04 2.2210000000e-01
2.1055000000e+04 2.2290000000e-01
2.1060000000e+04 2.2310000000e-01
2.1065000000e+04 2.2270000000e-01
2.1070000000e+04 2.2280000000e-01
2.1075000000e+04 2.2220000000e-01
2.1080000000e+04 2.2260000000e-01
2.1085000000e+04 2.2270000000e-01
2.1090000000e+04 2.2190000000e-01
2.1095000000e+04 2.2200000000e-01
2.1100000000e+04 2.2190000000e-01
2.1105000000e+04 2.2230000000e-01
2.1110000000e+04 2.2200000000e-01
2.1115000000e+04 2.2310000000e-01
2.1120000000e+04 2.2110000000e-01
2.1125000000e+04 2.2160000000e-01
2.1130000000e+04 2.2420000000e-01
2.1135000000e+04 2.2400000000e-01
2.1140000000e+04 2.2330000000e-01
2.1145000000e+04 2.2450000000e-01
2.1150000000e+04 2.2390000000e-01
2.1155000000e+04 2.2350000000e-01
2.1160000000e+04 2.2410000000e-01
2.1165000000e+04 2.2360000000e-01
2.1170000000e+04 2.2370000000e-01
2.1175000000e+04 2.2430000000e-01
2.1180000000e+04 2.2390000000e-01
2.1185000000e+04 2.1730000000e-01
2.1190000000e+04 2.2420000000e-01
2.1195000000e+04 2.2380000000e-01
2.1200000000e+04 2.2320000000e-01
2.1205000000e+04 2.2360000000e-01
2.1210000000e+04 2.2440000000e-01
2.1215000000e+04 2.2420000000e-01
2.1220000000e+04 2.2470000000e-01
2.1225000000e+04 2.2480000000e-01
2.1230000000e+04 2.2490000000e-01
2.1235000000e+04 2.2500000000e-01
2.1240000000e+04 2.2500000000e-01
2.1245000000e+04 2.2110000000e-01
2.1250000000e+04 2.2490000000e-01
2.1255000000e+04 2.2550000000e-01
2.1260000000e+04 2.2570000000e-01
2.1265000000e+04 2.2580000000e-01
2.1270000000e+04 2.2590000000e-01
2.1275000000e+04 2.2440000000e-01
2.1280000000e+04 2.2310000000e-01
2.1285000000e+04 2.2610000000e-01
2.1290000000e+04 2.2610000000e-01
2.1295000000e+04 2.2620000000e-01
2.1300000000e+04 2.2630000000e-01
2.1305000000e+04 2.2640000000e-01
2.1310000000e+04 2.2660000000e-01
2.1315000000e+04 2.2660000000e-01
2.1320000000e+04 2.2670000000e-01
2.1325000000e+04 2.2670000000e-01
2.1330000000e+04 2.2680000000e-01
2.1335000000e+04 2.2690000000e-01
2.1340000000e+04 2.2700000000e-01
2.1345000000e+04 2.2710000000e-01
2.1350000000e+04 2.2710000000e-01
2.1355000000e+04 2.2710000000e-01
2.1360000000e+04 2.2580000000e-01
2.1365000000e+04 2.2730000000e-01
2.1370000000e+04 2.2740000000e-01
2.1375000000e+04 2.2750000000e-01
2.1380000000e+04 2.2760000000e-01
2.1385000000e+04 2.2760000000e-01
2.1390000000e+04 2.2760000000e-01
2.1395000000e+04 2.2770000000e-01
2.1400000000e+04 2.2780000000e-01
2.1405000000e+04 2.2790000000e-01
2.1410000000e+04 2.2790000000e-01
2.1415000000e+04 2.2800000000e-01
2.1420000000e+04 2.2810000000e-01
2.1425000000e+04 2.2810000000e-01
2.1430000000e+04 2.2740000000e-01
2.1435000000e+04 2.2800000000e-01
2.1440000000e+04 2.2830000000e-01
2.1445000000e+04 2.2820000000e-01
2.1450000000e+04 2.2840000000e-01
2.1455000000e+04 2.2850000000e-01
2.1460000000e+04 2.2840000000e-01
2.1465000000e+04 2.2850000000e-01
2.1470000000e+04 2.2840000000e-01
2.1475000000e+04 2.2810000000e-01
2.1480000000e+04 2.2800000000e-01
2.1485000000e+04 2.2840000000e-01
2.1490000000e+04 2.2740000000e-01
2.1495000000e+04 2.2770000000e-01
2.1500000000e+04 2.2740000000e-01
2.1505000000e+04 2.2820000000e-01
2.1510000000e+04 2.2790000000e-01
2.1515000000e+04 2.2480000000e-01
2.1520000000e+04 2.2680000000e-01
2.1525000000e+04 2.2710000000e-01
2.1530000000e+04 2.2600000000e-01
2.1535000000e+04 2.2750000000e-01
2.1540000000e+04 2.2830000000e-01
2.1545000000e+04 2.2840000000e-01
2.1550000000e+04 2.2740000000e-01
2.1555000000e+04 2.2740000000e-01
2.1560000000e+04 2.2920000000e-01
2.1565000000e+04 2.2850000000e-01
2.1570000000e+04 2.2900000000e-01
2.1575000000e+04 2.2870000000e-01
2.1580000000e+04 2.2890000000e-01
2.1585000000e+04 2.2910000000e-01
2.1590000000e+04 2.2640000000e-01
2.1595000000e+04 2.2890000000e-01
2.1600000000e+04 2.2760000000e-01
2.1605000000e+04 2.2920000000e-01
2.1610000000e+04 2.2390000000e-01
2.1615000000e+04 2.2670000000e-01
2.1620000000e+04 2.2900000000e-01
2.1625000000e+04 2.2790000000e-01
2.1630000000e+04 2.2870000000e-01
2.1635000000e+04 2.1600000000e-01
2.1640000000e+04 2.2880000000e-01
2.1645000000e+04 2.2920000000e-01
2.1650000000e+04 2.2870000000e-01
2.1655000000e+04 2.2860000000e-01
2.1660000000e+04 2.2880000000e-01
2.1665000000e+04 2.2810000000e-01
2.1670000000e+04 2.2420000000e-01
2.1675000000e+04 2.2850000000e-01
2.1680000000e+04 2.2810000000e-01
2.1685000000e+04 2.2530000000e-01
2.1690000000e+04 2.2780000000e-01
2.1695000000e+04 2.2900000000e-01
2.1700000000e+04 2.2900000000e-01
2.1705000000e+04 2.2810000000e-01
2.1710000000e+04 2.2910000000e-01
2.1715000000e+04 2.2910000000e-01
2.1720000000e+04 2.2900000000e-01
2.1725000000e+04 2.2130000000e-01
2.1730000000e+04 2.2590000000e-01
2.1735000000e+04 2.2890000000e-01
2.1740000000e+04 2.2820000000e-01
2.1745000000e+04 2.2480000000e-01
2.1750000000e+04 2.2770000000e-01
2.1755000000e+04 2.2830000000e-01
2.1760000000e+04 2.2770000000e-01
2.1765000000e+04 2.2700000000e-01
2.1770000000e+04 2.2880000000e-01
2.1775000000e+04 2.2880000000e-01
2.1780000000e+04 2.2790000000e-01
2.1785000000e+04 2.1620000000e-01
2.1790000000e+04 2.2780000000e-01
2.1795000000e+04 2.2580000000e-01
2.1800000000e+04 2.2850000000e-01
2.1805000000e+04 2.2850000000e-01
2.1810000000e+04 2.2850000000e-01
2.1815000000e+04 2.2850000000e-01
2.1820000000e+04 2.2850000000e-01
2.1825000000e+04 2.2810000000e-01
2.1830000000e+04 2.2680000000e-01
2.1835000000e+04 2.1990000000e-01
2.1840000000e+04 2.2160000000e-01
2.1845000000e+04 2.2640000000e-01
2.1850000000e+04 2.1710000000e-01
2.1855000000e+04 2.2750000000e-01
2.1860000000e+04 2.2810000000e-01
2.1865000000e+04 2.2810000000e-01
2.1870000000e+04 2.2640000000e-01
2.1875000000e+04 2.2730000000e-01
2.1880000000e+04 2.2650000000e-01
2.1885000000e+04 2.2720000000e-01
2.1890000000e+04 2.2800000000e-01
2.1895000000e+04 2.2510000000e-01
2.1900000000e+04 2.2770000000e-01
2.1905000000e+04 2.2380000000e-01
2.1910000000e+04 2.2780000000e-01
2.1915000000e+04 2.2790000000e-01
2.1920000000e+04 2.2790000000e-01
2.1925000000e+04 2.2780000000e-01
2.1930000000e+04 2.2780000000e-01
2.1935000000e+04 2.2780000000e-01
2.1940000000e+04 2.2780000000e-01
2.1945000000e+04 2.2490000000e-01
2.1950000000e+04 2.2030000000e-01
2.1955000000e+04 2.2760000000e-01
2.1960000000e+04 2.2770000000e-01
2.1965000000e+04 2.2680000000e-01
2.1970000000e+04 2.2760000000e-01
2.1975000000e+04 2.2690000000e-01
2.1980000000e+04 2.2580000000e-01
2.1985000000e+04 2.2090000000e-01
2.1990000000e+04 2.2350000000e-01
2.1995000000e+04 2.1550000000e-01
2.2000000000e+04 2.0670000000e-01
2.2005000000e+04 2.0250000000e-01
2.2010000000e+04 2.2490000000e-01
2.2015000000e+04 2.2290000000e-01
2.2020000000e+04 2.2080000000e-01
2.2025000000e+04 2.2060000000e-01
2.2030000000e+04 2.2310000000e-01
2.2035000000e+04 2.2620000000e-01
2.2040000000e+04 2.2500000000e-01
2.2045000000e+04 2.2380000000e-01
2.2050000000e+04 2.1690000000e-01
2.2055000000e+04 2.2560000000e-01
2.2060000000e+04 2.2640000000e-01
2.2065000000e+04 2.2760000000e-01
2.2070000000e+04 2.2760000000e-01
2.2075000000e+04 2.2690000000e-01
2.2080000000e+04 2.2810000000e-01
2.2085000000e+04 2.2840000000e-01
2.2090000000e+04 2.2850000000e-01
2.2095000000e+04 2.2850000000e-01
2.2100000000e+04 2.2860000000e-01
2.2105000000e+04 2.2790000000e-01
2.2110000000e+04 2.2660000000e-01
2.2115000000e+04 2.2820000000e-01
2.2120000000e+04 2.2890000000e-01
2.2125000000e+04 2.2900000000e-01
2.2130000000e+04 2.2910000000e-01
2.2135000000e+04 2.2920000000e-01
2.2140000000e+04 2.2890000000e-01
2.2145000000e+04 2.2900000000e-01
2.2150000000e+04 2.2780000000e-01
2.2155000000e+04 2.2940000000e-01
2.2160000000e+04 2.2420000000e-01
2.2165000000e+04 2.1820000000e-01
2.2170000000e+04 2.2890000000e-01
2.2175000000e+04 2.2960000000e-01
2.2180000000e+04 2.2920000000e-01
2.2185000000e+04 2.2900000000e-01
2.2190000000e+04 2.3010000000e-01
2.2195000000e+04 2.3030000000e-01
2.2200000000e+04 2.3010000000e-01
2.2205000000e+04 2.2900000000e-01
2.2210000000e+04 2.2970000000e-01
2.2215000000e+04 2.1710000000e-01
2.2220000000e+04 2.2520000000e-01
2.2225000000e+04 2.3050000000e-01
2.2230000000e+04 2.3050000000e-01
2.2235000000e+04 2.3070000000e-01
2.2240000000e+04 2.2990000000e-01
2.2245000000e+04 2.3070000000e-01
2.2250000000e+04 2.3080000000e-01
2.2255000000e+04 2.3100000000e-01
2.2260000000e+04 2.3020000000e-01
2.2265000000e+04 2.2460000000e-01
2.2270000000e+04 2.2670000000e-01
2.2275000000e+04 2.3010000000e-01
2.2280000000e+04 2.3130000000e-01
2.2285000000e+04 2.3150000000e-01
2.2290000000e+04 2.3180000000e-01
2.2295000000e+04 2.3250000000e-01
2.2300000000e+04 2.3280000000e-01
2.2305000000e+04 2.3220000000e-01
2.2310000000e+04 2.3160000000e-01
2.2315000000e+04 2.2330000000e-01
2.2320000000e+04 2.3130000000e-01
2.2325000000e+04 2.2140000000e-01
2.2330000000e+04 2.3160000000e-01
2.2335000000e+04 2.2940000000e-01
2.2340000000e+04 2.3310000000e-01
2.2345000000e+04 2.3270000000e-01
2.2350000000e+04 2.3320000000e-01
2.2355000000e+04 2.3410000000e-01
2.2360000000e+04 2.3100000000e-01
2.2365000000e+04 2.2700000000e-01
2.2370000000e+04 2.3340000000e-01
2.2375000000e+04 2.2780000000e-01
2.2380000000e+04 2.2830000000e-01
2.2385000000e+04 2.3520000000e-01
2.2390000000e+04 2.3580000000e-01
2.2395000000e+04 2.3480000000e-01
2.2400000000e+04 2.3550000000e-01
2.2405000000e+04 2.3080000000e-01
2.2410000000e+04 2.3390000000e-01
2.2415000000e+04 2.2660000000e-01
2.2420000000e+04 2.3690000000e-01
2.2425000000e+04 2.3420000000e-01
2.2430000000e+04 2.3380000000e-01
2.2435000000e+04 2.3460000000e-01
2.2440000000e+04 2.2610000000e-01
2.2445000000e+04 2.3470000000e-01
2.2450000000e+04 2.3760000000e-01
2.2455000000e+04 2.3730000000e-01
2.2460000000e+04 2.2830000000e-01
2.2465000000e+04 2.3180000000e-01
2.2470000000e+04 2.2620000000e-01
2.2475000000e+04 2.3100000000e-01
2.2480000000e+04 2.3750000000e-01
2.2485000000e+04 2.3830000000e-01
2.2490000000e+04 2.3670000000e-01
2.2495000000e+04 2.3620000000e-01
2.2500000000e+04 2.3600000000e-01
2.2505000000e+04 2.3100000000e-01
2.2510000000e+04 2.3440000000e-01
2.2515000000e+04 2.3740000000e-01
2.2520000000e+04 2.3750000000e-01
2.2525000000e+04 2.3390000000e-01
2.2530000000e+04 2.3450000000e-01
2.2535000000e+04 2.3260000000e-01
2.2540000000e+04 2.2260000000e-01
2.2545000000e+04 2.3420000000e-01
2.2550000000e+04 2.3730000000e-01
2.2555000000e+04 2.2980000000e-01
2.2560000000e+04 2.2730000000e-01
2.2565000000e+04 2.3190000000e-01
2.2570000000e+04 2.2190000000e-01
2.2575000000e+04 2.3540000000e-01
2.2580000000e+04 2.3390000000e-01
2.2585000000e+04 2.2990000000e-01
2.2590000000e+04 2.3780000000e-01
2.2595000000e+04 2.3690000000e-01
2.2600000000e+04 2.3180000000e-01
2.2605000000e+04 2.3530000000e-01
2.2610000000e+04 2.1510000000e-01
2.2615000000e+04 2.2680000000e-01
2.2620000000e+04 2.2270000000e-01
2.2625000000e+04 2.2200000000e-01
2.2630000000e+04 2.3890000000e-01
2.2635000000e+04 2.2770000000e-01
2.2640000000e+04 2.3240000000e-01
2.2645000000e+04 2.2930000000e-01
2.2650000000e+04 2.2490000000e-01
2.2655000000e+04 2.3690000000e-01
2.2660000000e+04 2.3730000000e-01
2.2665000000e+04 2.3730000000e-01
2.2670000000e+04 2.3480000000e-01
2.2675000000e+04 2.2990000000e-01
2.2680000000e+04 2.2850000000e-01
2.2685000000e+04 2.1340000000e-01
2.2690000000e+04 2.2120000000e-01
2.2695000000e+04 2.3430000000e-01
2.2700000000e+04 2.3390000000e-01
2.2705000000e+04 2.1480000000e-01
2.2710000000e+04 2.3490000000e-01
2.2715000000e+04 2.2850000000e-01
2.2720000000e+04 2.2980000000e-01
2.2725000000e+04 2.1110000000e-01
2.2730000000e+04 2.3350000000e-01
2.2735000000e+04 2.2830000000e-01
2.2740000000e+04 2.3430000000e-01
2.2745000000e+04 2.3250000000e-01
2.2750000000e+04 2.2630000000e-01
2.2755000000e+04 1.9510000000e-01
2.2760000000e+04 2.0720000000e-01
2.2765000000e+04 2.1480000000e-01
2.2770000000e+04 2.2210000000e-01
2.2775000000e+04 2.2770000000e-01
2.2780000000e+04 2.2760000000e-01
2.2785000000e+04 2.2970000000e-01
2.2790000000e+04 2.3020000000e-01
2.2795000000e+04 2.3070000000e-01
2.2800000000e+04 2.3020000000e-01
2.2805000000e+04 2.1850000000e-01
2.2810000000e+04 2.1260000000e-01
2.2815000000e+04 2.2470000000e-01
2.2820000000e+04 2.2670000000e-01
2.2825000000e+04 2.2010000000e-01
2.2830000000e+04 1.8370000000e-01
2.2835000000e+04 2.2670000000e-01
2.2840000000e+04 1.9290000000e-01
2.2845000000e+04 2.2530000000e-01
2.2850000000e+04 2.2000000000e-01
2.2855000000e+04 2.0660000000e-01
2.2860000000e+04 2.2510000000e-01
2.2865000000e+04 2.2200000000e-01
2.2870000000e+04 2.2140000000e-01
2.2875000000e+04 2.2070000000e-01
2.2880000000e+04 2.2240000000e-01
2.2885000000e+04 2.2050000000e-01
2.2890000000e+04 2.2120000000e-01
2.2895000000e+04 1.9390000000e-01
2.2900000000e+04 1.8530000000e-01
2.2905000000e+04 2.1720000000e-01
2.2910000000e+04 2.1300000000e-01
2.2915000000e+04 2.1690000000e-01
2.2920000000e+04 2.1830000000e-01
2.2925000000e+04 1.9750000000e-01
2.2930000000e+04 2.1790000000e-01
2.2935000000e+04 2.1430000000e-01
2.2940000000e+04 2.0500000000e-01
2.2945000000e+04 2.1450000000e-01
2.2950000000e+04 1.9550000000e-01
2.2955000000e+04 2.0770000000e-01
2.2960000000e+04 2.0140000000e-01
2.2965000000e+04 2.1120000000e-01
2.2970000000e+04 2.1480000000e-01
2.2975000000e+04 2.1590000000e-01
2.2980000000e+04 2.0770000000e-01
2.2985000000e+04 1.8540000000e-01
2.2990000000e+04 2.0050000000e-01
2.2995000000e+04 1.9910000000e-01
2.3000000000e+04 1.9640000000e-01
2.3005000000e+04 1.9690000000e-01
2.3010000000e+04 2.0050000000e-01
2.3015000000e+04 2.1180000000e-01
2.3020000000e+04 2.0680000000e-01
2.3025000000e+04 2.0520000000e-01
2.3030000000e+04 2.0880000000e-01
2.3035000000e+04 1.9400000000e-01
2.3040000000e+04 1.9840000000e-01
2.3045000000e+04 1.8350000000e-01
2.3050000000e+04 2.0210000000e-01
2.3055000000e+04 1.9620000000e-01
2.3060000000e+04 2.0250000000e-01
2.3065000000e+04 1.9980000000e-01
2.3070000000e+04 2.0680000000e-01
2.3075000000e+04 1.7450000000e-01
2.3080000000e+04 2.0630000000e-01
2.3085000000e+04 2.0890000000e-01
2.3090000000e+04 2.0430000000e-01
2.3095000000e+04 2.0320000000e-01
2.3100000000e+04 2.0520000000e-01
2.3105000000e+04 2.1120000000e-01
2.3110000000e+04 2.1150000000e-01
2.3115000000e+04 2.1110000000e-01
2.3120000000e+04 2.0570000000e-01
2.3125000000e+04 2.1020000000e-01
2.3130000000e+04 2.1140000000e-01
2.3135000000e+04 2.1150000000e-01
2.3140000000e+04 2.1150000000e-01
2.3145000000e+04 2.1150000000e-01
2.3150000000e+04 2.1090000000e-01
2.3155000000e+04 2.1060000000e-01
2.3160000000e+04 1.9330000000e-01
2.3165000000e+04 1.8460000000e-01
2.3170000000e+04 1.4630000000e-01
2.3175000000e+04 1.7810000000e-01
2.3180000000e+04 1.7600000000e-01
2.3185000000e+04 1.8060000000e-01
2.3190000000e+04 1.9990000000e-01
2.3195000000e+04 1.9560000000e-01
2.3200000000e+04 2.0030000000e-01
2.3205000000e+04 2.0450000000e-01
2.3210000000e+04 2.0250000000e-01
2.3215000000e+04 2.0620000000e-01
2.3220000000e+04 1.9670000000e-01
2.3225000000e+04 2.0120000000e-01
2.3230000000e+04 2.0590000000e-01
2.3235000000e+04 2.1110000000e-01
2.3240000000e+04 2.0640000000e-01
2.3245000000e+04 2.1340000000e-01
2.3250000000e+04 2.1240000000e-01
2.3255000000e+04 1.9530000000e-01
2.3260000000e+04 2.1460000000e-01
2.3265000000e+04 2.0520000000e-01
2.3270000000e+04 2.1510000000e-01
2.3275000000e+04 2.1600000000e-01
2.3280000000e+04 2.1700000000e-01
2.3285000000e+04 1.7720000000e-01
2.3290000000e+04 2.1060000000e-01
2.3295000000e+04 2.1090000000e-01
2.3300000000e+04 2.1840000000e-01
2.3305000000e+04 2.1850000000e-01
2.3310000000e+04 2.0960000000e-01
2.3315000000e+04 2.1030000000e-01
2.3320000000e+04 2.0830000000e-01
2.3325000000e+04 2.1420000000e-01
2.3330000000e+04 2.1700000000e-01
2.3335000000e+04 2.1880000000e-01
2.3340000000e+04 2.0710000000e-01
2.3345000000e+04 2.1490000000e-01
2.3350000000e+04 2.0720000000e-01
2.3355000000e+04 2.2010000000e-01
2.3360000000e+04 2.0470000000e-01
2.3365000000e+04 2.2030000000e-01
2.3370000000e+04 2.2230000000e-01
2.3375000000e+04 2.2070000000e-01
2.3380000000e+04 2.1650000000e-01
2.3385000000e+04 2.0790000000e-01
2.3390000000e+04 2.1710000000e-01
2.3395000000e+04 2.1380000000e-01
2.3400000000e+04 1.8830000000e-01
2.3405000000e+04 2.0480000000e-01
2.3410000000e+04 2.0680000000e-01
2.3415000000e+04 2.1020000000e-01
2.3420000000e+04 2.1470000000e-01
2.3425000000e+04 2.1940000000e-01
2.3430000000e+04 2.2260000000e-01
2.3435000000e+04 2.1410000000e-01
2.3440000000e+04 2.2230000000e-01
2.3445000000e+04 2.2080000000e-01
2.3450000000e+04 2.1060000000e-01
2.3455000000e+04 2.1400000000e-01
2.3460000000e+04 2.1930000000e-01
2.3465000000e+04 2.1150000000e-01
2.3470000000e+04 2.1720000000e-01
2.3475000000e+04 2.0530000000e-01
2.3480000000e+04 1.9790000000e-01
2.3485000000e+04 2.0660000000e-01
2.3490000000e+04 2.2160000000e-01
2.3495000000e+04 2.1850000000e-01
2.3500000000e+04 2.1840000000e-01
2.3505000000e+04 1.9360000000e-01
2.3510000000e+04 1.8080000000e-01
2.3515000000e+04 2.1620000000e-01
2.3520000000e+04 2.1070000000e-01
2.3525000000e+04 1.8660000000e-01
2.3530000000e+04 2.2070000000e-01
2.3535000000e+04 1.8920000000e-01
2.3540000000e+04 2.2470000000e-01
2.3545000000e+04 2.1680000000e-01
2.3550000000e+04 2.1390000000e-01
2.3555000000e+04 2.1880000000e-01
2.3560000000e+04 1.6520000000e-01
2.3565000000e+04 2.1690000000e-01
2.3570000000e+04 2.1680000000e-01
2.3575000000e+04 2.1510000000e-01
2.3580000000e+04 2.0900000000e-01
2.3585000000e+04 1.8180000000e-01
2.3590000000e+04 1.7680000000e-01
2.3595000000e+04 2.1630000000e-01
2.3600000000e+04 2.1440000000e-01
2.3605000000e+04 2.1280000000e-01
2.3610000000e+04 2.1150000000e-01
2.3615000000e+04 1.8290000000e-01
2.3620000000e+04 2.0240000000e-01
2.3625000000e+04 2.0640000000e-01
2.3630000000e+04 2.0490000000e-01
2.3635000000e+04 2.0200000000e-01
2.3640000000e+04 1.8180000000e-01
2.3645000000e+04 1.8010000000e-01
2.3650000000e+04 1.9620000000e-01
2.3655000000e+04 1.9520000000e-01
2.3660000000e+04 1.8990000000e-01
2.3665000000e+04 1.8750000000e-01
2.3670000000e+04 1.8550000000e-01
2.3675000000e+04 1.5220000000e-01
2.3680000000e+04 1.7880000000e-01
2.3685000000e+04 1.7710000000e-01
2.3690000000e+04 1.6370000000e-01
2.3695000000e+04 1.7670000000e-01
2.3700000000e+04 1.5160000000e-01
2.3705000000e+04 9.3500000000e-02
2.3710000000e+04 1.2620000000e-01
2.3715000000e+04 1.1710000000e-01
2.3720000000e+04 1.4410000000e-01
2.3725000000e+04 1.4210000000e-01
2.3730000000e+04 1.4930000000e-01
2.3735000000e+04 1.5030000000e-01
2.3740000000e+04 1.5510000000e-01
2.3745000000e+04 1.5120000000e-01
2.3750000000e+04 1.4570000000e-01
2.3755000000e+04 1.4690000000e-01
2.3760000000e+04 1.4450000000e-01
2.3765000000e+04 1.3020000000e-01
2.3770000000e+04 1.2560000000e-01
2.3775000000e+04 1.3600000000e-01
2.3780000000e+04 1.2610000000e-01
2.3785000000e+04 1.2960000000e-01
2.3790000000e+04 1.3400000000e-01
2.3795000000e+04 1.3060000000e-01
2.3800000000e+04 1.1840000000e-01
2.3805000000e+04 1.1400000000e-01
2.3810000000e+04 1.2480000000e-01
2.3815000000e+04 1.2370000000e-01
2.3820000000e+04 1.2210000000e-01
2.3825000000e+04 1.1830000000e-01
2.3830000000e+04 1.0180000000e-01
2.3835000000e+04 9.7900000000e-02
2.3840000000e+04 7.7900000000e-02
2.3845000000e+04 1.0330000000e-01
2.3850000000e+04 1.0880000000e-01
2.3855000000e+04 1.0620000000e-01
2.3860000000e+04 8.4500000000e-02
2.3865000000e+04 9.2200000000e-02
2.3870000000e+04 1.0020000000e-01
2.3875000000e+04 9.0100000000e-02
2.3880000000e+04 8.2300000000e-02
2.3885000000e+04 9.3900000000e-02
2.3890000000e+04 9.3800000000e-02
2.3895000000e+04 9.0300000000e-02
2.3900000000e+04 8.2200000000e-02
2.3905000000e+04 8.7600000000e-02
2.3910000000e+04 7.9800000000e-02
2.3915000000e+04 5.0400000000e-02
2.3920000000e+04 8.2300000000e-02
2.3925000000e+04 8.0200000000e-02
2.3930000000e+04 7.7800000000e-02
2.3935000000e+04 7.5000000000e-02
2.3940000000e+04 7.5300000000e-02
2.3945000000e+04 7.1000000000e-02
2.3950000000e+04 6.9900000000e-02
2.3955000000e+04 6.7500000000e-02
2.3960000000e+04 6.9300000000e-02
2.3965000000e+04 5.9600000000e-02
2.3970000000e+04 5.9900000000e-02
2.3975000000e+04 6.1900000000e-02
2.3980000000e+04 6.2000000000e-02
2.3985000000e+04 6.2000000000e-02
2.3990000000e+04 5.9200000000e-02
2.3995000000e+04 5.8000000000e-02
2.4000000000e+04 5.7700000000e-02
2.4005000000e+04 4.9500000000e-02
2.4010000000e+04 5.5700000000e-02
2.4015000000e+04 5.4700000000e-02
2.4020000000e+04 5.2300000000e-02
2.4025000000e+04 5.1800000000e-02
2.4030000000e+04 5.0400000000e-02
2.4035000000e+04 4.9500000000e-02
2.4040000000e+04 4.2800000000e-02
2.4045000000e+04 4.0200000000e-02
2.4050000000e+04 4.6200000000e-02
2.4055000000e+04 4.3500000000e-02
2.4060000000e+04 4.2300000000e-02
2.4065000000e+04 4.2800000000e-02
2.4070000000e+04 3.2000000000e-02
2.4075000000e+04 3.7300000000e-02
2.4080000000e+04 3.8500000000e-02
2.4085000000e+04 3.9300000000e-02
2.4090000000e+04 3.7400000000e-02
2.4095000000e+04 3.6000000000e-02
2.4100000000e+04 2.8500000000e-02
2.4105000000e+04 3.5100000000e-02
2.4110000000e+04 3.4700000000e-02
2.4115000000e+04 3.2600000000e-02
2.4120000000e+04 3.1300000000e-02
2.4125000000e+04 3.1800000000e-02
2.4130000000e+04 3.1300000000e-02
2.4135000000e+04 3.0000000000e-02
2.4140000000e+04 2.8000000000e-02
2.4145000000e+04 2.4100000000e-02
2.4150000000e+04 2.8000000000e-02
2.4155000000e+04 2.6300000000e-02
2.4160000000e+04 1.4600000000e-02
2.4165000000e+04 2.3700000000e-02
2.4170000000e+04 2.5100000000e-02
2.4175000000e+04 2.4200000000e-02
2.4180000000e+04 2.3600000000e-02
2.4185000000e+04 1.3600000000e-02
2.4190000000e+04 1.5200000000e-02
2.4195000000e+04 1.6100000000e-02
2.4200000000e+04 2.1100000000e-02
2.4205000000e+04 2.0900000000e-02
2.4210000000e+04 2.0300000000e-02
2.4215000000e+04 1.9800000000e-02
2.4220000000e+04 1.8000000000e-02
2.4225000000e+04 1.8600000000e-02
2.4230000000e+04 1.8100000000e-02
2.4235000000e+04 1.7700000000e-02
2.4240000000e+04 1.3500000000e-02
2.4245000000e+04 1.6400000000e-02
2.4250000000e+04 1.5700000000e-02
2.4255000000e+04 1.5600000000e-02
2.4260000000e+04 1.5100000000e-02
2.4265000000e+04 1.1700000000e-02
2.4270000000e+04 1.4500000000e-02
2.4275000000e+04 1.4000000000e-02
2.4280000000e+04 1.3700000000e-02
2.4285000000e+04 1.3500000000e-02
2.4290000000e+04 1.3000000000e-02
2.4295000000e+04 1.2600000000e-02
2.4300000000e+04 1.2200000000e-02
2.4305000000e+04 1.2000000000e-02
2.4310000000e+04 1.1600000000e-02
2.4315000000e+04 1.1300000000e-02
2.4320000000e+04 1.1000000000e-02
2.4325000000e+04 1.0600000000e-02
2.4330000000e+04 9.9000000000e-03
2.4335000000e+04 8.1000000000e-03
2.4340000000e+04 9.7000000000e-03
2.4345000000e+04 9.1000000000e-03
2.4350000000e+04 7.4000000000e-03
