# photband: WFCAM_H
# source: SVO Filter Profile Service
# svo_id: UKIRT/WFCAM.H
# detector_type: 1
# response_type: photon
# components: Filter + Instrument + Atmosphere
# profile_reference: http://adsabs.harvard.edu/abs/2006MNRAS.367..454H
# wavelength_unit: Angstrom
# columns: wavelength transmission
1.4490000000e+04 4.1000000000e-03
1.4495000000e+04 4.2000000000e-03
1.4500000000e+04 3.5000000000e-03
1.4505000000e+04 2.2000000000e-03
1.4510000000e+04 2.8000000000e-03
1.4515000000e+04 4.9000000000e-03
1.4520000000e+04 4.5000000000e-03
1.4525000000e+04 5.3000000000e-03
1.4530000000e+04 4.3000000000e-03
1.4535000000e+04 6.0000000000e-03
1.4540000000e+04 6.3000000000e-03
1.4545000000e+04 6.1000000000e-03
1.4550000000e+04 6.2000000000e-03
1.4555000000e+04 5.0000000000e-03
1.4560000000e+04 7.2000000000e-03
1.4565000000e+04 7.7000000000e-03
1.4570000000e+04 7.5000000000e-03
1.4575000000e+04 7.7000000000e-03
1.4580000000e+04 8.4000000000e-03
1.4585000000e+04 9.1000000000e-03
1.4590000000e+04 9.6000000000e-03
1.4595000000e+04 1.0000000000e-02
1.4600000000e+04 9.9000000000e-03
1.4605000000e+04 8.2000000000e-03
1.4610000000e+04 1.0900000000e-02
1.4615000000e+04 1.0600000000e-02
1.4620000000e+04 1.2300000000e-02
1.4625000000e+04 1.2700000000e-02
1.4630000000e+04 1.0300000000e-02
1.4635000000e+04 1.2200000000e-02
1.4640000000e+04 1.4100000000e-02
1.4645000000e+04 1.5700000000e-02
1.4650000000e+04 1.3200000000e-02
1.4655000000e+04 1.3800000000e-02
1.4660000000e+04 1.3700000000e-02
1.4665000000e+04 1.3700000000e-02
1.4670000000e+04 1.3200000000e-02
1.4675000000e+04 1.8800000000e-02
1.4680000000e+04 1.8100000000e-02
1.4685000000e+04 2.1400000000e-02
1.4690000000e+04 2.2100000000e-02
1.4695000000e+04 1.6000000000e-02
1.4700000000e+04 2.3500000000e-02
1.4705000000e+04 1.8600000000e-02
1.4710000000e+04 1.6400000000e-02
1.4715000000e+04 2.6400000000e-02
1.4720000000e+04 2.7600000000e-02
1.4725000000e+04 1.7600000000e-02
1.4730000000e+04 3.0300000000e-02
1.4735000000e+04 3.1100000000e-02
1.4740000000e+04 3.2200000000e-02
1.4745000000e+04 3.7500000000e-02
1.4750000000e+04 3.9500000000e-02
1.4755000000e+04 3.8300000000e-02
1.4760000000e+04 3.2000000000e-02
1.4765000000e+04 4.3800000000e-02
1.4770000000e+04 3.5100000000e-02
1.4775000000e+04 4.6300000000e-02
1.4780000000e+04 3.4200000000e-02
1.4785000000e+04 5.2500000000e-02
1.4790000000e+04 5.1500000000e-02
1.4795000000e+04 4.1900000000e-02
1.4800000000e+04 5.4700000000e-02
1.4805000000e+04 4.2100000000e-02
1.4810000000e+04 6.3600000000e-02
1.4815000000e+04 5.9400000000e-02
1.4820000000e+04 5.5700000000e-02
1.4825000000e+04 7.1300000000e-02
1.4830000000e+04 7.2900000000e-02
1.4835000000e+04 7.7300000000e-02
1.4840000000e+04 8.0300000000e-02
1.4845000000e+04 6.7800000000e-02
1.4850000000e+04 8.6700000000e-02
1.4855000000e+04 8.3900000000e-02
1.4860000000e+04 8.9900000000e-02
1.4865000000e+04 8.0700000000e-02
1.4870000000e+04 9.2500000000e-02
1.4875000000e+04 9.7500000000e-02
1.4880000000e+04 9.2700000000e-02
1.4885000000e+04 1.0850000000e-01
1.4890000000e+04 1.1380000000e-01
1.4895000000e+04 1.0900000000e-01
1.4900000000e+04 1.2130000000e-01
1.4905000000e+04 1.2750000000e-01
1.4910000000e+04 1.3030000000e-01
1.4915000000e+04 1.0590000000e-01
1.4920000000e+04 1.3250000000e-01
1.4925000000e+04 1.3790000000e-01
1.4930000000e+04 1.3980000000e-01
1.4935000000e+04 1.4810000000e-01
1.4940000000e+04 1.4760000000e-01
1.4945000000e+04 1.5350000000e-01
1.4950000000e+04 1.4730000000e-01
1.4955000000e+04 1.5850000000e-01
1.4960000000e+04 1.6190000000e-01
1.4965000000e+04 1.5040000000e-01
1.4970000000e+04 1.7300000000e-01
1.4975000000e+04 1.7340000000e-01
1.4980000000e+04 1.6890000000e-01
1.4985000000e+04 1.7980000000e-01
1.4990000000e+04 1.8190000000e-01
1.4995000000e+04 1.8530000000e-01
1.5000000000e+04 1.8970000000e-01
1.5005000000e+04 1.9320000000e-01
1.5010000000e+04 1.9590000000e-01
1.5015000000e+04 1.9810000000e-01
1.5020000000e+04 1.9600000000e-01
1.5025000000e+04 2.0110000000e-01
1.5030000000e+04 2.0110000000e-01
1.5035000000e+04 2.0150000000e-01
1.5040000000e+04 1.9250000000e-01
1.5045000000e+04 2.0350000000e-01
1.5050000000e+04 2.0920000000e-01
1.5055000000e+04 2.1430000000e-01
1.5060000000e+04 2.1550000000e-01
1.5065000000e+04 2.1830000000e-01
1.5070000000e+04 2.1890000000e-01
1.5075000000e+04 2.1980000000e-01
1.5080000000e+04 2.2170000000e-01
1.5085000000e+04 2.1510000000e-01
1.5090000000e+04 2.1370000000e-01
1.5095000000e+04 2.2580000000e-01
1.5100000000e+04 2.2620000000e-01
1.5105000000e+04 2.2690000000e-01
1.5110000000e+04 2.2650000000e-01
1.5115000000e+04 2.2900000000e-01
1.5120000000e+04 2.3050000000e-01
1.5125000000e+04 2.2790000000e-01
1.5130000000e+04 2.2910000000e-01
1.5135000000e+04 2.3060000000e-01
1.5140000000e+04 2.2990000000e-01
1.5145000000e+04 2.3340000000e-01
1.5150000000e+04 2.3270000000e-01
1.5155000000e+04 2.3440000000e-01
1.5160000000e+04 2.3470000000e-01
1.5165000000e+04 2.3390000000e-01
1.5170000000e+04 2.3460000000e-01
1.5175000000e+04 2.3310000000e-01
1.5180000000e+04 2.3670000000e-01
1.5185000000e+04 2.3610000000e-01
1.5190000000e+04 2.3460000000e-01
1.5195000000e+04 2.3670000000e-01
1.5200000000e+04 2.3770000000e-01
1.5205000000e+04 2.3690000000e-01
1.5210000000e+04 2.3880000000e-01
1.5215000000e+04 2.3880000000e-01
1.5220000000e+04 2.3820000000e-01
1.5225000000e+04 2.3950000000e-01
1.5230000000e+04 2.3970000000e-01
1.5235000000e+04 2.3920000000e-01
1.5240000000e+04 2.4010000000e-01
1.5245000000e+04 2.3850000000e-01
1.5250000000e+04 2.3980000000e-01
1.5255000000e+04 2.4000000000e-01
1.5260000000e+04 2.4000000000e-01
1.5265000000e+04 2.4000000000e-01
1.5270000000e+04 2.4050000000e-01
1.5275000000e+04 2.4000000000e-01
1.5280000000e+04 2.4110000000e-01
1.5285000000e+04 2.4120000000e-01
1.5290000000e+04 2.4150000000e-01
1.5295000000e+04 2.4130000000e-01
1.5300000000e+04 2.4150000000e-01
1.5305000000e+04 2.4170000000e-01
1.5310000000e+04 2.4200000000e-01
1.5315000000e+04 2.4130000000e-01
1.5320000000e+04 2.4210000000e-01
1.5325000000e+04 2.4200000000e-01
1.5330000000e+04 2.4190000000e-01
1.5335000000e+04 2.4170000000e-01
1.5340000000e+04 2.4140000000e-01
1.5345000000e+04 2.4160000000e-01
1.5350000000e+04 2.4120000000e-01
1.5355000000e+04 2.4180000000e-01
1.5360000000e+04 2.4220000000e-01
1.5365000000e+04 2.4270000000e-01
1.5370000000e+04 2.4330000000e-01
1.5375000000e+04 2.4410000000e-01
1.5380000000e+04 2.4430000000e-01
1.5385000000e+04 2.4400000000e-01
1.5390000000e+04 2.4390000000e-01
1.5395000000e+04 2.4390000000e-01
1.5400000000e+04 2.4370000000e-01
1.5405000000e+04 2.4400000000e-01
1.5410000000e+04 2.4460000000e-01
1.5415000000e+04 2.4470000000e-01
1.5420000000e+04 2.4470000000e-01
1.5425000000e+04 2.4520000000e-01
1.5430000000e+04 2.4560000000e-01
1.5435000000e+04 2.4620000000e-01
1.5440000000e+04 2.4660000000e-01
1.5445000000e+04 2.4660000000e-01
1.5450000000e+04 2.4700000000e-01
1.5455000000e+04 2.4730000000e-01
1.5460000000e+04 2.4750000000e-01
1.5465000000e+04 2.4780000000e-01
1.5470000000e+04 2.4810000000e-01
1.5475000000e+04 2.4830000000e-01
1.5480000000e+04 2.4850000000e-01
1.5485000000e+04 2.4870000000e-01
1.5490000000e+04 2.4890000000e-01
1.5495000000e+04 2.4910000000e-01
1.5500000000e+04 2.4940000000e-01
1.5505000000e+04 2.4960000000e-01
1.5510000000e+04 2.4970000000e-01
1.5515000000e+04 2.5000000000e-01
1.5520000000e+04 2.4990000000e-01
1.5525000000e+04 2.5040000000e-01
1.5530000000e+04 2.5060000000e-01
1.5535000000e+04 2.5080000000e-01
1.5540000000e+04 2.5100000000e-01
1.5545000000e+04 2.5120000000e-01
1.5550000000e+04 2.5140000000e-01
1.5555000000e+04 2.5160000000e-01
1.5560000000e+04 2.5180000000e-01
1.5565000000e+04 2.5200000000e-01
1.5570000000e+04 2.5220000000e-01
1.5575000000e+04 2.5240000000e-01
1.5580000000e+04 2.5260000000e-01
1.5585000000e+04 2.5280000000e-01
1.5590000000e+04 2.5300000000e-01
1.5595000000e+04 2.5320000000e-01
1.5600000000e+04 2.5340000000e-01
1.5605000000e+04 2.5360000000e-01
1.5610000000e+04 2.5370000000e-01
1.5615000000e+04 2.5390000000e-01
1.5620000000e+04 2.5410000000e-01
1.5625000000e+04 2.5420000000e-01
1.5630000000e+04 2.5450000000e-01
1.5635000000e+04 2.5460000000e-01
1.5640000000e+04 2.5480000000e-01
1.5645000000e+04 2.5490000000e-01
1.5650000000e+04 2.5520000000e-01
1.5655000000e+04 2.5530000000e-01
1.5660000000e+04 2.5540000000e-01
1.5665000000e+04 2.5560000000e-01
1.5670000000e+04 2.5560000000e-01
1.5675000000e+04 2.5560000000e-01
1.5680000000e+04 2.5520000000e-01
1.5685000000e+04 2.5450000000e-01
1.5690000000e+04 2.5310000000e-01
1.5695000000e+04 2.5110000000e-01
1.5700000000e+04 2.4860000000e-01
1.5705000000e+04 2.4600000000e-01
1.5710000000e+04 2.4390000000e-01
1.5715000000e+04 2.4180000000e-01
1.5720000000e+04 2.4050000000e-01
1.5725000000e+04 2.4210000000e-01
1.5730000000e+04 2.4110000000e-01
1.5735000000e+04 2.4390000000e-01
1.5740000000e+04 2.4480000000e-01
1.5745000000e+04 2.4930000000e-01
1.5750000000e+04 2.5450000000e-01
1.5755000000e+04 2.5650000000e-01
1.5760000000e+04 2.5210000000e-01
1.5765000000e+04 2.4810000000e-01
1.5770000000e+04 2.4610000000e-01
1.5775000000e+04 2.4760000000e-01
1.5780000000e+04 2.4900000000e-01
1.5785000000e+04 2.5010000000e-01
1.5790000000e+04 2.4860000000e-01
1.5795000000e+04 2.4760000000e-01
1.5800000000e+04 2.4720000000e-01
1.5805000000e+04 2.4950000000e-01
1.5810000000e+04 2.5070000000e-01
1.5815000000e+04 2.5110000000e-01
1.5820000000e+04 2.5330000000e-01
1.5825000000e+04 2.5460000000e-01
1.5830000000e+04 2.5490000000e-01
1.5835000000e+04 2.5640000000e-01
1.5840000000e+04 2.5720000000e-01
1.5845000000e+04 2.5770000000e-01
1.5850000000e+04 2.5850000000e-01
1.5855000000e+04 2.5890000000e-01
1.5860000000e+04 2.5930000000e-01
1.5865000000e+04 2.5930000000e-01
1.5870000000e+04 2.5930000000e-01
1.5875000000e+04 2.5950000000e-01
1.5880000000e+04 2.5950000000e-01
1.5885000000e+04 2.5960000000e-01
1.5890000000e+04 2.5970000000e-01
1.5895000000e+04 2.5980000000e-01
1.5900000000e+04 2.5980000000e-01
1.5905000000e+04 2.5990000000e-01
1.5910000000e+04 2.5990000000e-01
1.5915000000e+04 2.5990000000e-01
1.5920000000e+04 2.6000000000e-01
1.5925000000e+04 2.5990000000e-01
1.5930000000e+04 2.6010000000e-01
1.5935000000e+04 2.6010000000e-01
1.5940000000e+04 2.6020000000e-01
1.5945000000e+04 2.6010000000e-01
1.5950000000e+04 2.6020000000e-01
1.5955000000e+04 2.6030000000e-01
1.5960000000e+04 2.6030000000e-01
1.5965000000e+04 2.6030000000e-01
1.5970000000e+04 2.6030000000e-01
1.5975000000e+04 2.6010000000e-01
1.5980000000e+04 2.5980000000e-01
1.5985000000e+04 2.5910000000e-01
1.5990000000e+04 2.5780000000e-01
1.5995000000e+04 2.5590000000e-01
1.6000000000e+04 2.5370000000e-01
1.6005000000e+04 2.5120000000e-01
1.6010000000e+04 2.4860000000e-01
1.6015000000e+04 2.4680000000e-01
1.6020000000e+04 2.4580000000e-01
1.6025000000e+04 2.4340000000e-01
1.6030000000e+04 2.4520000000e-01
1.6035000000e+04 2.4570000000e-01
1.6040000000e+04 2.4680000000e-01
1.6045000000e+04 2.5180000000e-01
1.6050000000e+04 2.5490000000e-01
1.6055000000e+04 2.5890000000e-01
1.6060000000e+04 2.5800000000e-01
1.6065000000e+04 2.5410000000e-01
1.6070000000e+04 2.5230000000e-01
1.6075000000e+04 2.5230000000e-01
1.6080000000e+04 2.5250000000e-01
1.6085000000e+04 2.5280000000e-01
1.6090000000e+04 2.5110000000e-01
1.6095000000e+04 2.4970000000e-01
1.6100000000e+04 2.4900000000e-01
1.6105000000e+04 2.5110000000e-01
1.6110000000e+04 2.5220000000e-01
1.6115000000e+04 2.5240000000e-01
1.6120000000e+04 2.5520000000e-01
1.6125000000e+04 2.5640000000e-01
1.6130000000e+04 2.5750000000e-01
1.6135000000e+04 2.5950000000e-01
1.6140000000e+04 2.6070000000e-01
1.6145000000e+04 2.6190000000e-01
1.6150000000e+04 2.6250000000e-01
1.6155000000e+04 2.6280000000e-01
1.6160000000e+04 2.6300000000e-01
1.6165000000e+04 2.6290000000e-01
1.6170000000e+04 2.6310000000e-01
1.6175000000e+04 2.6340000000e-01
1.6180000000e+04 2.6360000000e-01
1.6185000000e+04 2.6400000000e-01
1.6190000000e+04 2.6400000000e-01
1.6195000000e+04 2.6430000000e-01
1.6200000000e+04 2.6450000000e-01
1.6205000000e+04 2.6460000000e-01
1.6210000000e+04 2.6480000000e-01
1.6215000000e+04 2.6480000000e-01
1.6220000000e+04 2.6500000000e-01
1.6225000000e+04 2.6510000000e-01
1.6230000000e+04 2.6520000000e-01
1.6235000000e+04 2.6530000000e-01
1.6240000000e+04 2.6510000000e-01
1.6245000000e+04 2.6560000000e-01
1.6250000000e+04 2.6570000000e-01
1.6255000000e+04 2.6560000000e-01
1.6260000000e+04 2.6520000000e-01
1.6265000000e+04 2.6570000000e-01
1.6270000000e+04 2.6570000000e-01
1.6275000000e+04 2.6570000000e-01
1.6280000000e+04 2.6540000000e-01
1.6285000000e+04 2.6550000000e-01
1.6290000000e+04 2.6590000000e-01
1.6295000000e+04 2.6580000000e-01
1.6300000000e+04 2.6600000000e-01
1.6305000000e+04 2.6380000000e-01
1.6310000000e+04 2.6580000000e-01
1.6315000000e+04 2.6560000000e-01
1.6320000000e+04 2.6560000000e-01
1.6325000000e+04 2.6540000000e-01
1.6330000000e+04 2.6350000000e-01
1.6335000000e+04 2.6510000000e-01
1.6340000000e+04 2.6560000000e-01
1.6345000000e+04 2.6530000000e-01
1.6350000000e+04 2.6520000000e-01
1.6355000000e+04 2.6020000000e-01
1.6360000000e+04 2.6490000000e-01
1.6365000000e+04 2.6480000000e-01
1.6370000000e+04 2.6500000000e-01
1.6375000000e+04 2.6150000000e-01
1.6380000000e+04 2.6260000000e-01
1.6385000000e+04 2.6410000000e-01
1.6390000000e+04 2.6350000000e-01
1.6395000000e+04 2.6300000000e-01
1.6400000000e+04 2.6230000000e-01
1.6405000000e+04 2.5580000000e-01
1.6410000000e+04 2.6220000000e-01
1.6415000000e+04 2.6150000000e-01
1.6420000000e+04 2.6110000000e-01
1.6425000000e+04 2.6090000000e-01
1.6430000000e+04 2.4800000000e-01
1.6435000000e+04 2.6030000000e-01
1.6440000000e+04 2.6050000000e-01
1.6445000000e+04 2.6090000000e-01
1.6450000000e+04 2.6100000000e-01
1.6455000000e+04 2.4280000000e-01
1.6460000000e+04 2.6060000000e-01
1.6465000000e+04 2.6030000000e-01
1.6470000000e+04 2.5950000000e-01
1.6475000000e+04 2.5830000000e-01
1.6480000000e+04 2.5360000000e-01
1.6485000000e+04 2.5410000000e-01
1.6490000000e+04 2.5720000000e-01
1.6495000000e+04 2.5690000000e-01
1.6500000000e+04 2.5740000000e-01
1.6505000000e+04 2.5660000000e-01
1.6510000000e+04 2.4110000000e-01
1.6515000000e+04 2.5580000000e-01
1.6520000000e+04 2.5560000000e-01
1.6525000000e+04 2.5620000000e-01
1.6530000000e+04 2.5600000000e-01
1.6535000000e+04 2.5160000000e-01
1.6540000000e+04 2.5300000000e-01
1.6545000000e+04 2.5530000000e-01
1.6550000000e+04 2.5410000000e-01
1.6555000000e+04 2.5400000000e-01
1.6560000000e+04 2.5380000000e-01
1.6565000000e+04 2.4680000000e-01
1.6570000000e+04 2.5330000000e-01
1.6575000000e+04 2.5340000000e-01
1.6580000000e+04 2.5310000000e-01
1.6585000000e+04 2.5270000000e-01
1.6590000000e+04 2.5240000000e-01
1.6595000000e+04 2.4930000000e-01
1.6600000000e+04 2.5160000000e-01
1.6605000000e+04 2.5180000000e-01
1.6610000000e+04 2.5140000000e-01
1.6615000000e+04 2.5070000000e-01
1.6620000000e+04 2.5040000000e-01
1.6625000000e+04 2.4850000000e-01
1.6630000000e+04 2.5020000000e-01
1.6635000000e+04 2.4960000000e-01
1.6640000000e+04 2.4970000000e-01
1.6645000000e+04 2.4950000000e-01
1.6650000000e+04 2.4860000000e-01
1.6655000000e+04 2.2210000000e-01
1.6660000000e+04 2.3000000000e-01
1.6665000000e+04 2.4010000000e-01
1.6670000000e+04 2.4440000000e-01
1.6675000000e+04 2.4720000000e-01
1.6680000000e+04 2.4740000000e-01
1.6685000000e+04 2.4730000000e-01
1.6690000000e+04 2.4780000000e-01
1.6695000000e+04 2.4750000000e-01
1.6700000000e+04 2.4760000000e-01
1.6705000000e+04 2.4700000000e-01
1.6710000000e+04 2.4710000000e-01
1.6715000000e+04 2.4590000000e-01
1.6720000000e+04 2.4720000000e-01
1.6725000000e+04 2.4710000000e-01
1.6730000000e+04 2.4710000000e-01
1.6735000000e+04 2.4700000000e-01
1.6740000000e+04 2.4690000000e-01
1.6745000000e+04 2.3970000000e-01
1.6750000000e+04 2.4690000000e-01
1.6755000000e+04 2.4660000000e-01
1.6760000000e+04 2.4700000000e-01
1.6765000000e+04 2.4700000000e-01
1.6770000000e+04 2.4680000000e-01
1.6775000000e+04 2.3960000000e-01
1.6780000000e+04 2.4690000000e-01
1.6785000000e+04 2.4680000000e-01
1.6790000000e+04 2.4730000000e-01
1.6795000000e+04 2.4720000000e-01
1.6800000000e+04 2.4720000000e-01
1.6805000000e+04 2.4680000000e-01
1.6810000000e+04 2.4470000000e-01
1.6815000000e+04 2.4710000000e-01
1.6820000000e+04 2.4760000000e-01
1.6825000000e+04 2.4770000000e-01
1.6830000000e+04 2.4780000000e-01
1.6835000000e+04 2.4800000000e-01
1.6840000000e+04 2.3760000000e-01
1.6845000000e+04 2.4810000000e-01
1.6850000000e+04 2.4810000000e-01
1.6855000000e+04 2.4830000000e-01
1.6860000000e+04 2.4860000000e-01
1.6865000000e+04 2.4860000000e-01
1.6870000000e+04 2.4790000000e-01
1.6875000000e+04 2.4580000000e-01
1.6880000000e+04 2.4890000000e-01
1.6885000000e+04 2.4940000000e-01
1.6890000000e+04 2.4890000000e-01
1.6895000000e+04 2.4930000000e-01
1.6900000000e+04 2.4960000000e-01
1.6905000000e+04 2.4490000000e-01
1.6910000000e+04 2.4900000000e-01
1.6915000000e+04 2.4880000000e-01
1.6920000000e+04 2.4950000000e-01
1.6925000000e+04 2.4950000000e-01
1.6930000000e+04 2.5050000000e-01
1.6935000000e+04 2.5050000000e-01
1.6940000000e+04 2.4580000000e-01
1.6945000000e+04 2.5030000000e-01
1.6950000000e+04 2.5010000000e-01
1.6955000000e+04 2.5090000000e-01
1.6960000000e+04 2.5110000000e-01
1.6965000000e+04 2.5050000000e-01
1.6970000000e+04 2.4970000000e-01
1.6975000000e+04 2.4790000000e-01
1.6980000000e+04 2.5080000000e-01
1.6985000000e+04 2.5110000000e-01
1.6990000000e+04 2.5110000000e-01
1.6995000000e+04 2.5030000000e-01
1.7000000000e+04 2.4940000000e-01
1.7005000000e+04 2.5080000000e-01
1.7010000000e+04 2.4780000000e-01
1.7015000000e+04 2.5110000000e-01
1.7020000000e+04 2.5060000000e-01
1.7025000000e+04 2.4960000000e-01
1.7030000000e+04 2.5000000000e-01
1.7035000000e+04 2.4890000000e-01
1.7040000000e+04 2.5030000000e-01
1.7045000000e+04 2.4980000000e-01
1.7050000000e+04 2.4980000000e-01
1.7055000000e+04 2.4780000000e-01
1.7060000000e+04 2.4960000000e-01
1.7065000000e+04 2.4860000000e-01
1.7070000000e+04 2.4830000000e-01
1.7075000000e+04 2.4770000000e-01
1.7080000000e+04 2.4710000000e-01
1.7085000000e+04 2.4440000000e-01
1.7090000000e+04 2.4700000000e-01
1.7095000000e+04 2.4780000000e-01
1.7100000000e+04 2.4850000000e-01
1.7105000000e+04 2.4590000000e-01
1.7110000000e+04 2.4830000000e-01
1.7115000000e+04 2.4830000000e-01
1.7120000000e+04 2.4800000000e-01
1.7125000000e+04 2.4740000000e-01
1.7130000000e+04 2.4760000000e-01
1.7135000000e+04 2.4680000000e-01
1.7140000000e+04 2.4460000000e-01
1.7145000000e+04 2.4250000000e-01
1.7150000000e+04 2.4670000000e-01
1.7155000000e+04 2.4590000000e-01
1.7160000000e+04 2.4260000000e-01
1.7165000000e+04 2.4570000000e-01
1.7170000000e+04 2.4490000000e-01
1.7175000000e+04 2.4500000000e-01
1.7180000000e+04 2.4500000000e-01
1.7185000000e+04 2.4460000000e-01
1.7190000000e+04 2.4410000000e-01
1.7195000000e+04 2.4400000000e-01
1.7200000000e+04 2.4320000000e-01
1.7205000000e+04 2.4220000000e-01
1.7210000000e+04 2.4050000000e-01
1.7215000000e+04 2.3370000000e-01
1.7220000000e+04 2.4160000000e-01
1.7225000000e+04 2.4090000000e-01
1.7230000000e+04 2.4070000000e-01
1.7235000000e+04 2.3300000000e-01
1.7240000000e+04 2.4000000000e-01
1.7245000000e+04 2.3470000000e-01
1.7250000000e+04 2.3760000000e-01
1.7255000000e+04 2.3920000000e-01
1.7260000000e+04 2.3730000000e-01
1.7265000000e+04 2.3880000000e-01
1.7270000000e+04 2.3700000000e-01
1.7275000000e+04 2.3800000000e-01
1.7280000000e+04 2.3820000000e-01
1.7285000000e+04 2.3450000000e-01
1.7290000000e+04 2.3440000000e-01
1.7295000000e+04 2.3770000000e-01
1.7300000000e+04 2.3780000000e-01
1.7305000000e+04 2.3630000000e-01
1.7310000000e+04 2.3570000000e-01
1.7315000000e+04 2.3680000000e-01
1.7320000000e+04 2.2430000000e-01
1.7325000000e+04 2.2390000000e-01
1.7330000000e+04 2.3620000000e-01
1.7335000000e+04 2.3630000000e-01
1.7340000000e+04 2.3590000000e-01
1.7345000000e+04 2.3560000000e-01
1.7350000000e+04 2.3450000000e-01
1.7355000000e+04 2.3120000000e-01
1.7360000000e+04 2.2930000000e-01
1.7365000000e+04 2.3210000000e-01
1.7370000000e+04 2.3130000000e-01
1.7375000000e+04 2.3500000000e-01
1.7380000000e+04 2.3370000000e-01
1.7385000000e+04 2.3380000000e-01
1.7390000000e+04 2.3430000000e-01
1.7395000000e+04 2.3290000000e-01
1.7400000000e+04 2.2910000000e-01
1.7405000000e+04 2.3340000000e-01
1.7410000000e+04 2.2940000000e-01
1.7415000000e+04 2.2360000000e-01
1.7420000000e+04 2.3200000000e-01
1.7425000000e+04 2.3350000000e-01
1.7430000000e+04 2.3300000000e-01
1.7435000000e+04 2.3310000000e-01
1.7440000000e+04 2.3270000000e-01
1.7445000000e+04 2.1760000000e-01
1.7450000000e+04 2.3240000000e-01
1.7455000000e+04 2.3250000000e-01
1.7460000000e+04 2.3150000000e-01
1.7465000000e+04 2.2480000000e-01
1.7470000000e+04 2.0880000000e-01
1.7475000000e+04 2.2160000000e-01
1.7480000000e+04 2.3140000000e-01
1.7485000000e+04 2.3140000000e-01
1.7490000000e+04 2.3060000000e-01
1.7495000000e+04 2.3050000000e-01
1.7500000000e+04 2.3010000000e-01
1.7505000000e+04 2.3000000000e-01
1.7510000000e+04 2.2960000000e-01
1.7515000000e+04 2.0410000000e-01
1.7520000000e+04 2.2870000000e-01
1.7525000000e+04 2.2870000000e-01
1.7530000000e+04 2.2810000000e-01
1.7535000000e+04 2.2820000000e-01
1.7540000000e+04 2.2740000000e-01
1.7545000000e+04 2.2690000000e-01
1.7550000000e+04 2.1060000000e-01
1.7555000000e+04 2.2350000000e-01
1.7560000000e+04 2.2560000000e-01
1.7565000000e+04 2.2260000000e-01
1.7570000000e+04 2.1500000000e-01
1.7575000000e+04 2.0080000000e-01
1.7580000000e+04 2.2290000000e-01
1.7585000000e+04 2.2240000000e-01
1.7590000000e+04 2.2180000000e-01
1.7595000000e+04 2.2110000000e-01
1.7600000000e+04 2.1990000000e-01
1.7605000000e+04 2.1900000000e-01
1.7610000000e+04 2.0180000000e-01
1.7615000000e+04 2.1730000000e-01
1.7620000000e+04 2.1620000000e-01
1.7625000000e+04 2.0410000000e-01
1.7630000000e+04 1.9970000000e-01
1.7635000000e+04 2.1250000000e-01
1.7640000000e+04 2.1190000000e-01
1.7645000000e+04 2.1050000000e-01
1.7650000000e+04 2.0920000000e-01
1.7655000000e+04 1.9430000000e-01
1.7660000000e+04 1.2970000000e-01
1.7665000000e+04 2.0390000000e-01
1.7670000000e+04 2.0360000000e-01
1.7675000000e+04 2.0300000000e-01
1.7680000000e+04 2.0030000000e-01
1.7685000000e+04 1.9910000000e-01
1.7690000000e+04 1.9700000000e-01
1.7695000000e+04 1.9390000000e-01
1.7700000000e+04 1.9140000000e-01
1.7705000000e+04 1.8660000000e-01
1.7710000000e+04 1.8740000000e-01
1.7715000000e+04 1.9050000000e-01
1.7720000000e+04 1.8770000000e-01
1.7725000000e+04 1.8580000000e-01
1.7730000000e+04 1.8430000000e-01
1.7735000000e+04 1.8290000000e-01
1.7740000000e+04 1.5980000000e-01
1.7745000000e+04 1.6800000000e-01
1.7750000000e+04 1.7430000000e-01
1.7755000000e+04 1.7330000000e-01
1.7760000000e+04 1.5920000000e-01
1.7765000000e+04 1.6370000000e-01
1.7770000000e+04 1.6800000000e-01
1.7775000000e+04 1.6750000000e-01
1.7780000000e+04 1.6330000000e-01
1.7785000000e+04 1.4900000000e-01
1.7790000000e+04 1.3470000000e-01
1.7795000000e+04 1.5900000000e-01
1.7800000000e+04 1.5710000000e-01
1.7805000000e+04 1.5520000000e-01
1.7810000000e+04 1.4100000000e-01
1.7815000000e+04 1.3360000000e-01
1.7820000000e+04 1.4810000000e-01
1.7825000000e+04 1.4630000000e-01
1.7830000000e+04 1.4540000000e-01
1.7835000000e+04 1.4140000000e-01
1.7840000000e+04 1.3440000000e-01
1.7845000000e+04 1.2240000000e-01
1.7850000000e+04 1.0250000000e-01
1.7855000000e+04 1.3220000000e-01
1.7860000000e+04 1.1130000000e-01
1.7865000000e+04 1.2690000000e-01
1.7870000000e+04 1.1030000000e-01
1.7875000000e+04 1.2180000000e-01
1.7880000000e+04 1.2470000000e-01
1.7885000000e+04 1.2210000000e-01
1.7890000000e+04 1.1410000000e-01
1.7895000000e+04 1.1910000000e-01
1.7900000000e+04 1.1560000000e-01
1.7905000000e+04 1.0050000000e-01
1.7910000000e+04 9.7500000000e-02
1.7915000000e+04 9.9800000000e-02
1.7920000000e+04 9.9700000000e-02
1.7925000000e+04 9.6700000000e-02
1.7930000000e+04 1.0100000000e-01
1.7935000000e+04 7.4900000000e-02
1.7940000000e+04 7.4500000000e-02
1.7945000000e+04 9.5900000000e-02
1.7950000000e+04 9.1000000000e-02
1.7955000000e+04 8.7300000000e-02
1.7960000000e+04 8.0100000000e-02
1.7965000000e+04 8.6400000000e-02
1.7970000000e+04 6.0300000000e-02
1.7975000000e+04 8.7300000000e-02
1.7980000000e+04 7.0500000000e-02
1.7985000000e+04 8.2900000000e-02
1.7990000000e+04 8.2900000000e-02
1.7995000000e+04 7.5200000000e-02
1.8000000000e+04 5.3900000000e-02
1.8005000000e+04 4.0600000000e-02
1.8010000000e+04 3.9000000000e-02
1.8015000000e+04 5.2200000000e-02
1.8020000000e+04 5.8700000000e-02
1.8025000000e+04 5.3000000000e-02
1.8030000000e+04 6.0400000000e-02
1.8035000000e+04 4.8900000000e-02
1.8040000000e+04 5.1000000000e-02
1.8045000000e+04 5.8200000000e-02
1.8050000000e+04 6.3500000000e-02
1.8055000000e+04 5.1300000000e-02
1.8060000000e+04 3.6500000000e-02
1.8065000000e+04 2.2200000000e-02
1.8070000000e+04 5.2600000000e-02
1.8075000000e+04 3.1900000000e-02
1.8080000000e+04 5.1600000000e-02
1.8085000000e+04 4.8900000000e-02
1.8090000000e+04 3.4300000000e-02
1.8095000000e+04 4.5500000000e-02
1.8100000000e+04 4.6700000000e-02
1.8105000000e+04 2.1700000000e-02
1.8110000000e+04 1.6300000000e-02
1.8115000000e+04 3.7900000000e-02
1.8120000000e+04 2.6700000000e-02
1.8125000000e+04 3.1800000000e-02
1.8130000000e+04 1.1800000000e-02
1.8135000000e+04 3.1200000000e-02
1.8140000000e+04 3.9200000000e-02
1.8145000000e+04 3.8600000000e-02
1.8150000000e+04 2.2500000000e-02
1.8155000000e+04 1.0700000000e-02
1.8160000000e+04 2.2900000000e-02
1.8165000000e+04 2.4200000000e-02
1.8170000000e+04 1.9100000000e-02
1.8175000000e+04 3.0500000000e-02
1.8180000000e+04 3.0800000000e-02
1.8185000000e+04 8.6000000000e-03
1.8190000000e+04 2.3600000000e-02
1.8195000000e+04 2.5700000000e-02
1.8200000000e+04 1.3400000000e-02
