# photband: WFCAM_Z
# source: SVO Filter Profile Service
# svo_id: UKIRT/WFCAM.Z
# detector_type: 1
# response_type: photon
# components: Filter + Instrument + Atmosphere
# profile_reference: http://adsabs.harvard.edu/abs/2006MNRAS.367..454H
# wavelength_unit: Angstrom
# columns: wavelength transmission
8.1850000000e+03 4.3000000000e-03
8.1900000000e+03 4.6000000000e-03
8.1950000000e+03 5.1000000000e-03
8.2000000000e+03 5.5000000000e-03
8.2050000000e+03 6.2000000000e-03
8.2100000000e+03 6.7000000000e-03
8.2150000000e+03 7.4000000000e-03
8.2200000000e+03 8.1000000000e-03
8.2250000000e+03 9.0000000000e-03
8.2300000000e+03 9.3000000000e-03
8.2350000000e+03 1.0800000000e-02
8.2400000000e+03 1.2200000000e-02
8.2450000000e+03 1.3700000000e-02
8.2500000000e+03 1.5400000000e-02
8.2550000000e+03 1.7200000000e-02
8.2600000000e+03 1.8900000000e-02
8.2650000000e+03 2.1300000000e-02
8.2700000000e+03 2.3700000000e-02
8.2750000000e+03 2.5700000000e-02
8.2800000000e+03 2.8400000000e-02
8.2850000000e+03 3.1100000000e-02
8.2900000000e+03 3.3800000000e-02
8.2950000000e+03 3.7500000000e-02
8.3000000000e+03 4.1000000000e-02
8.3050000000e+03 4.4300000000e-02
8.3100000000e+03 4.8100000000e-02
8.3150000000e+03 5.2100000000e-02
8.3200000000e+03 5.5800000000e-02
8.3250000000e+03 5.9900000000e-02
8.3300000000e+03 6.4700000000e-02
8.3350000000e+03 6.9200000000e-02
8.3400000000e+03 7.3600000000e-02
8.3450000000e+03 7.8700000000e-02
8.3500000000e+03 8.3400000000e-02
8.3550000000e+03 8.8200000000e-02
8.3600000000e+03 9.3000000000e-02
8.3650000000e+03 9.7900000000e-02
8.3700000000e+03 1.0280000000e-01
8.3750000000e+03 1.0740000000e-01
8.3800000000e+03 1.1180000000e-01
8.3850000000e+03 1.1630000000e-01
8.3900000000e+03 1.2050000000e-01
8.3950000000e+03 1.2430000000e-01
8.4000000000e+03 1.2790000000e-01
8.4050000000e+03 1.3140000000e-01
8.4100000000e+03 1.3460000000e-01
8.4150000000e+03 1.3790000000e-01
8.4200000000e+03 1.4090000000e-01
8.4250000000e+03 1.4360000000e-01
8.4300000000e+03 1.4620000000e-01
8.4350000000e+03 1.4840000000e-01
8.4400000000e+03 1.5060000000e-01
8.4450000000e+03 1.5240000000e-01
8.4500000000e+03 1.5410000000e-01
8.4550000000e+03 1.5530000000e-01
8.4600000000e+03 1.5660000000e-01
8.4650000000e+03 1.5740000000e-01
8.4700000000e+03 1.5820000000e-01
8.4750000000e+03 1.5880000000e-01
8.4800000000e+03 1.5930000000e-01
8.4850000000e+03 1.5970000000e-01
8.4900000000e+03 1.6010000000e-01
8.4950000000e+03 1.6040000000e-01
8.5000000000e+03 1.6080000000e-01
8.5050000000e+03 1.6100000000e-01
8.5100000000e+03 1.6140000000e-01
8.5150000000e+03 1.6140000000e-01
8.5200000000e+03 1.6180000000e-01
8.5250000000e+03 1.6200000000e-01
8.5300000000e+03 1.6210000000e-01
8.5350000000e+03 1.6230000000e-01
8.5400000000e+03 1.6240000000e-01
8.5450000000e+03 1.6250000000e-01
8.5500000000e+03 1.6260000000e-01
8.5550000000e+03 1.6280000000e-01
8.5600000000e+03 1.6300000000e-01
8.5650000000e+03 1.6320000000e-01
8.5700000000e+03 1.6350000000e-01
8.5750000000e+03 1.6380000000e-01
8.5800000000e+03 1.6430000000e-01
8.5850000000e+03 1.6470000000e-01
8.5900000000e+03 1.6520000000e-01
8.5950000000e+03 1.6580000000e-01
8.6000000000e+03 1.6640000000e-01
8.6050000000e+03 1.6700000000e-01
8.6100000000e+03 1.6760000000e-01
8.6150000000e+03 1.6820000000e-01
8.6200000000e+03 1.6880000000e-01
8.6250000000e+03 1.6940000000e-01
8.6300000000e+03 1.7000000000e-01
8.6350000000e+03 1.7050000000e-01
8.6400000000e+03 1.7100000000e-01
8.6450000000e+03 1.7140000000e-01
8.6500000000e+03 1.7180000000e-01
8.6550000000e+03 1.7210000000e-01
8.6600000000e+03 1.7250000000e-01
8.6650000000e+03 1.7270000000e-01
8.6700000000e+03 1.7300000000e-01
8.6750000000e+03 1.7310000000e-01
8.6800000000e+03 1.7330000000e-01
8.6850000000e+03 1.7340000000e-01
8.6900000000e+03 1.7350000000e-01
8.6950000000e+03 1.7360000000e-01
8.7000000000e+03 1.7370000000e-01
8.7050000000e+03 1.7380000000e-01
8.7100000000e+03 1.7390000000e-01
8.7150000000e+03 1.7400000000e-01
8.7200000000e+03 1.7420000000e-01
8.7250000000e+03 1.7440000000e-01
8.7300000000e+03 1.7460000000e-01
8.7350000000e+03 1.7500000000e-01
8.7400000000e+03 1.7530000000e-01
8.7450000000e+03 1.7560000000e-01
8.7500000000e+03 1.7600000000e-01
8.7550000000e+03 1.7640000000e-01
8.7600000000e+03 1.7690000000e-01
8.7650000000e+03 1.7730000000e-01
8.7700000000e+03 1.7770000000e-01
8.7750000000e+03 1.7810000000e-01
8.7800000000e+03 1.7860000000e-01
8.7850000000e+03 1.7890000000e-01
8.7900000000e+03 1.7930000000e-01
8.7950000000e+03 1.7970000000e-01
8.8000000000e+03 1.8000000000e-01
8.8050000000e+03 1.8030000000e-01
8.8100000000e+03 1.8060000000e-01
8.8150000000e+03 1.8080000000e-01
8.8200000000e+03 1.8110000000e-01
8.8250000000e+03 1.8120000000e-01
8.8300000000e+03 1.8150000000e-01
8.8350000000e+03 1.8160000000e-01
8.8400000000e+03 1.8180000000e-01
8.8450000000e+03 1.8210000000e-01
8.8500000000e+03 1.8220000000e-01
8.8550000000e+03 1.8240000000e-01
8.8600000000e+03 1.8250000000e-01
8.8650000000e+03 1.8290000000e-01
8.8700000000e+03 1.8310000000e-01
8.8750000000e+03 1.8340000000e-01
8.8800000000e+03 1.8350000000e-01
8.8850000000e+03 1.8390000000e-01
8.8900000000e+03 1.8420000000e-01
8.8950000000e+03 1.8440000000e-01
8.9000000000e+03 1.8460000000e-01
8.9050000000e+03 1.8490000000e-01
8.9100000000e+03 1.8520000000e-01
8.9150000000e+03 1.8550000000e-01
8.9200000000e+03 1.8540000000e-01
8.9250000000e+03 1.8590000000e-01
8.9300000000e+03 1.8580000000e-01
8.9350000000e+03 1.8580000000e-01
8.9400000000e+03 1.8640000000e-01
8.9450000000e+03 1.8600000000e-01
8.9500000000e+03 1.8550000000e-01
8.9550000000e+03 1.8440000000e-01
8.9600000000e+03 1.8560000000e-01
8.9650000000e+03 1.8170000000e-01
8.9700000000e+03 1.8450000000e-01
8.9750000000e+03 1.8030000000e-01
8.9800000000e+03 1.8560000000e-01
8.9850000000e+03 1.8450000000e-01
8.9900000000e+03 1.7280000000e-01
8.9950000000e+03 1.7650000000e-01
9.0000000000e+03 1.8630000000e-01
9.0050000000e+03 1.8040000000e-01
9.0100000000e+03 1.8320000000e-01
9.0150000000e+03 1.8300000000e-01
9.0200000000e+03 1.7610000000e-01
9.0250000000e+03 1.8120000000e-01
9.0300000000e+03 1.8320000000e-01
9.0350000000e+03 1.8590000000e-01
9.0400000000e+03 1.8760000000e-01
9.0450000000e+03 1.8460000000e-01
9.0500000000e+03 1.8640000000e-01
9.0550000000e+03 1.8340000000e-01
9.0600000000e+03 1.8600000000e-01
9.0650000000e+03 1.8200000000e-01
9.0700000000e+03 1.7890000000e-01
9.0750000000e+03 1.7570000000e-01
9.0800000000e+03 1.8300000000e-01
9.0850000000e+03 1.8020000000e-01
9.0900000000e+03 1.7770000000e-01
9.0950000000e+03 1.8140000000e-01
9.1000000000e+03 1.8250000000e-01
9.1050000000e+03 1.8370000000e-01
9.1100000000e+03 1.7930000000e-01
9.1150000000e+03 1.8770000000e-01
9.1200000000e+03 1.8010000000e-01
9.1250000000e+03 1.8880000000e-01
9.1300000000e+03 1.8570000000e-01
9.1350000000e+03 1.8490000000e-01
9.1400000000e+03 1.8080000000e-01
9.1450000000e+03 1.8990000000e-01
9.1500000000e+03 1.9060000000e-01
9.1550000000e+03 1.8130000000e-01
9.1600000000e+03 1.8450000000e-01
9.1650000000e+03 1.8950000000e-01
9.1700000000e+03 1.8880000000e-01
9.1750000000e+03 1.8390000000e-01
9.1800000000e+03 1.8540000000e-01
9.1850000000e+03 1.8700000000e-01
9.1900000000e+03 1.8820000000e-01
9.1950000000e+03 1.8640000000e-01
9.2000000000e+03 1.8550000000e-01
9.2050000000e+03 1.8630000000e-01
9.2100000000e+03 1.8350000000e-01
9.2150000000e+03 1.8220000000e-01
9.2200000000e+03 1.7880000000e-01
9.2250000000e+03 1.7890000000e-01
9.2300000000e+03 1.7690000000e-01
9.2350000000e+03 1.7320000000e-01
9.2400000000e+03 1.6920000000e-01
9.2450000000e+03 1.6550000000e-01
9.2500000000e+03 1.6040000000e-01
9.2550000000e+03 1.5440000000e-01
9.2600000000e+03 1.4920000000e-01
9.2650000000e+03 1.3940000000e-01
9.2700000000e+03 1.3210000000e-01
9.2750000000e+03 1.2160000000e-01
9.2800000000e+03 1.1010000000e-01
9.2850000000e+03 1.0180000000e-01
9.2900000000e+03 9.0500000000e-02
9.2950000000e+03 8.1100000000e-02
9.3000000000e+03 7.0100000000e-02
9.3050000000e+03 6.1900000000e-02
9.3100000000e+03 5.1900000000e-02
9.3150000000e+03 4.9100000000e-02
9.3200000000e+03 3.5000000000e-02
9.3250000000e+03 3.4800000000e-02
9.3300000000e+03 3.0500000000e-02
9.3350000000e+03 2.6400000000e-02
9.3400000000e+03 2.3400000000e-02
9.3450000000e+03 1.6900000000e-02
9.3500000000e+03 1.9900000000e-02
9.3550000000e+03 1.6200000000e-02
9.3600000000e+03 1.2000000000e-02
9.3650000000e+03 1.4400000000e-02
9.3700000000e+03 1.0800000000e-02
9.3750000000e+03 9.2000000000e-03
9.3800000000e+03 8.0000000000e-03
9.3850000000e+03 7.2000000000e-03
9.3900000000e+03 6.1000000000e-03
9.3950000000e+03 6.3000000000e-03
9.4000000000e+03 5.3000000000e-03
9.4050000000e+03 4.7000000000e-03
9.4100000000e+03 4.2000000000e-03
