# photband: WFCAM_J
# source: SVO Filter Profile Service
# svo_id: UKIRT/WFCAM.J
# detector_type: 1
# response_type: photon
# components: Filter + Instrument + Atmosphere
# profile_reference: http://adsabs.harvard.edu/abs/2006MNRAS.367..454H
# wavelength_unit: Angstrom
# columns: wavelength transmission
1.1480000000e+04 4.4000000000e-03
1.1485000000e+04 4.6000000000e-03
1.1490000000e+04 4.4000000000e-03
1.1495000000e+04 4.9000000000e-03
1.1500000000e+04 4.6000000000e-03
1.1505000000e+04 6.2000000000e-03
1.1510000000e+04 6.2000000000e-03
1.1515000000e+04 6.9000000000e-03
1.1520000000e+04 6.4000000000e-03
1.1525000000e+04 7.0000000000e-03
1.1530000000e+04 8.7000000000e-03
1.1535000000e+04 9.5000000000e-03
1.1540000000e+04 9.1000000000e-03
1.1545000000e+04 1.0400000000e-02
1.1550000000e+04 1.1700000000e-02
1.1555000000e+04 1.2800000000e-02
1.1560000000e+04 1.3800000000e-02
1.1565000000e+04 1.4900000000e-02
1.1570000000e+04 1.7200000000e-02
1.1575000000e+04 1.8200000000e-02
1.1580000000e+04 1.8700000000e-02
1.1585000000e+04 2.1600000000e-02
1.1590000000e+04 2.1100000000e-02
1.1595000000e+04 2.5500000000e-02
1.1600000000e+04 2.7700000000e-02
1.1605000000e+04 2.8300000000e-02
1.1610000000e+04 3.3200000000e-02
1.1615000000e+04 3.5200000000e-02
1.1620000000e+04 3.9200000000e-02
1.1625000000e+04 4.1000000000e-02
1.1630000000e+04 4.6600000000e-02
1.1635000000e+04 4.9600000000e-02
1.1640000000e+04 5.3500000000e-02
1.1645000000e+04 5.8600000000e-02
1.1650000000e+04 6.1700000000e-02
1.1655000000e+04 6.7000000000e-02
1.1660000000e+04 7.0800000000e-02
1.1665000000e+04 7.7500000000e-02
1.1670000000e+04 8.2400000000e-02
1.1675000000e+04 8.9300000000e-02
1.1680000000e+04 9.4700000000e-02
1.1685000000e+04 9.8900000000e-02
1.1690000000e+04 1.0630000000e-01
1.1695000000e+04 1.1030000000e-01
1.1700000000e+04 1.1750000000e-01
1.1705000000e+04 1.2120000000e-01
1.1710000000e+04 1.2610000000e-01
1.1715000000e+04 1.3320000000e-01
1.1720000000e+04 1.3680000000e-01
1.1725000000e+04 1.3990000000e-01
1.1730000000e+04 1.4450000000e-01
1.1735000000e+04 1.4850000000e-01
1.1740000000e+04 1.4450000000e-01
1.1745000000e+04 1.5520000000e-01
1.1750000000e+04 1.5910000000e-01
1.1755000000e+04 1.5720000000e-01
1.1760000000e+04 1.6400000000e-01
1.1765000000e+04 1.6560000000e-01
1.1770000000e+04 1.6730000000e-01
1.1775000000e+04 1.6130000000e-01
1.1780000000e+04 1.6720000000e-01
1.1785000000e+04 1.6710000000e-01
1.1790000000e+04 1.7180000000e-01
1.1795000000e+04 1.6600000000e-01
1.1800000000e+04 1.7160000000e-01
1.1805000000e+04 1.7340000000e-01
1.1810000000e+04 1.7290000000e-01
1.1815000000e+04 1.7130000000e-01
1.1820000000e+04 1.6070000000e-01
1.1825000000e+04 1.7290000000e-01
1.1830000000e+04 1.7480000000e-01
1.1835000000e+04 1.7510000000e-01
1.1840000000e+04 1.7470000000e-01
1.1845000000e+04 1.7080000000e-01
1.1850000000e+04 1.6880000000e-01
1.1855000000e+04 1.7620000000e-01
1.1860000000e+04 1.7580000000e-01
1.1865000000e+04 1.7510000000e-01
1.1870000000e+04 1.7550000000e-01
1.1875000000e+04 1.7190000000e-01
1.1880000000e+04 1.7240000000e-01
1.1885000000e+04 1.7180000000e-01
1.1890000000e+04 1.7640000000e-01
1.1895000000e+04 1.7720000000e-01
1.1900000000e+04 1.7770000000e-01
1.1905000000e+04 1.7690000000e-01
1.1910000000e+04 1.7610000000e-01
1.1915000000e+04 1.7830000000e-01
1.1920000000e+04 1.7680000000e-01
1.1925000000e+04 1.7840000000e-01
1.1930000000e+04 1.7850000000e-01
1.1935000000e+04 1.7240000000e-01
1.1940000000e+04 1.7860000000e-01
1.1945000000e+04 1.7720000000e-01
1.1950000000e+04 1.7670000000e-01
1.1955000000e+04 1.7640000000e-01
1.1960000000e+04 1.7770000000e-01
1.1965000000e+04 1.7680000000e-01
1.1970000000e+04 1.7770000000e-01
1.1975000000e+04 1.7370000000e-01
1.1980000000e+04 1.7790000000e-01
1.1985000000e+04 1.7590000000e-01
1.1990000000e+04 1.7270000000e-01
1.1995000000e+04 1.7680000000e-01
1.2000000000e+04 1.7640000000e-01
1.2005000000e+04 1.7630000000e-01
1.2010000000e+04 1.7550000000e-01
1.2015000000e+04 1.7580000000e-01
1.2020000000e+04 1.7360000000e-01
1.2025000000e+04 1.7680000000e-01
1.2030000000e+04 1.7670000000e-01
1.2035000000e+04 1.7290000000e-01
1.2040000000e+04 1.6830000000e-01
1.2045000000e+04 1.7550000000e-01
1.2050000000e+04 1.7070000000e-01
1.2055000000e+04 1.7770000000e-01
1.2060000000e+04 1.7810000000e-01
1.2065000000e+04 1.7570000000e-01
1.2070000000e+04 1.7650000000e-01
1.2075000000e+04 1.7650000000e-01
1.2080000000e+04 1.7740000000e-01
1.2085000000e+04 1.7910000000e-01
1.2090000000e+04 1.7780000000e-01
1.2095000000e+04 1.8080000000e-01
1.2100000000e+04 1.7870000000e-01
1.2105000000e+04 1.8270000000e-01
1.2110000000e+04 1.8290000000e-01
1.2115000000e+04 1.8050000000e-01
1.2120000000e+04 1.8370000000e-01
1.2125000000e+04 1.8360000000e-01
1.2130000000e+04 1.8590000000e-01
1.2135000000e+04 1.8720000000e-01
1.2140000000e+04 1.8590000000e-01
1.2145000000e+04 1.8720000000e-01
1.2150000000e+04 1.8730000000e-01
1.2155000000e+04 1.8820000000e-01
1.2160000000e+04 1.9080000000e-01
1.2165000000e+04 1.9080000000e-01
1.2170000000e+04 1.9060000000e-01
1.2175000000e+04 1.9280000000e-01
1.2180000000e+04 1.9160000000e-01
1.2185000000e+04 1.9210000000e-01
1.2190000000e+04 1.9150000000e-01
1.2195000000e+04 1.9270000000e-01
1.2200000000e+04 1.9390000000e-01
1.2205000000e+04 1.9450000000e-01
1.2210000000e+04 1.9540000000e-01
1.2215000000e+04 1.9380000000e-01
1.2220000000e+04 1.9460000000e-01
1.2225000000e+04 1.9410000000e-01
1.2230000000e+04 1.9520000000e-01
1.2235000000e+04 1.9470000000e-01
1.2240000000e+04 1.9530000000e-01
1.2245000000e+04 1.9510000000e-01
1.2250000000e+04 1.9540000000e-01
1.2255000000e+04 1.9470000000e-01
1.2260000000e+04 1.9490000000e-01
1.2265000000e+04 1.9490000000e-01
1.2270000000e+04 1.9290000000e-01
1.2275000000e+04 1.9410000000e-01
1.2280000000e+04 1.9400000000e-01
1.2285000000e+04 1.9390000000e-01
1.2290000000e+04 1.9320000000e-01
1.2295000000e+04 1.9250000000e-01
1.2300000000e+04 1.9260000000e-01
1.2305000000e+04 1.9250000000e-01
1.2310000000e+04 1.9220000000e-01
1.2315000000e+04 1.9190000000e-01
1.2320000000e+04 1.9160000000e-01
1.2325000000e+04 1.9130000000e-01
1.2330000000e+04 1.9090000000e-01
1.2335000000e+04 1.9060000000e-01
1.2340000000e+04 1.9090000000e-01
1.2345000000e+04 1.9070000000e-01
1.2350000000e+04 1.9060000000e-01
1.2355000000e+04 1.9060000000e-01
1.2360000000e+04 1.9070000000e-01
1.2365000000e+04 1.9070000000e-01
1.2370000000e+04 1.9080000000e-01
1.2375000000e+04 1.9100000000e-01
1.2380000000e+04 1.9120000000e-01
1.2385000000e+04 1.9150000000e-01
1.2390000000e+04 1.9180000000e-01
1.2395000000e+04 1.9210000000e-01
1.2400000000e+04 1.9250000000e-01
1.2405000000e+04 1.9280000000e-01
1.2410000000e+04 1.9330000000e-01
1.2415000000e+04 1.9380000000e-01
1.2420000000e+04 1.9430000000e-01
1.2425000000e+04 1.9490000000e-01
1.2430000000e+04 1.9540000000e-01
1.2435000000e+04 1.9600000000e-01
1.2440000000e+04 1.9660000000e-01
1.2445000000e+04 1.9720000000e-01
1.2450000000e+04 1.9780000000e-01
1.2455000000e+04 1.9840000000e-01
1.2460000000e+04 1.9900000000e-01
1.2465000000e+04 1.9950000000e-01
1.2470000000e+04 2.0020000000e-01
1.2475000000e+04 2.0080000000e-01
1.2480000000e+04 2.0100000000e-01
1.2485000000e+04 2.0180000000e-01
1.2490000000e+04 2.0230000000e-01
1.2495000000e+04 2.0210000000e-01
1.2500000000e+04 2.0320000000e-01
1.2505000000e+04 2.0360000000e-01
1.2510000000e+04 2.0260000000e-01
1.2515000000e+04 2.0420000000e-01
1.2520000000e+04 2.0450000000e-01
1.2525000000e+04 2.0290000000e-01
1.2530000000e+04 2.0480000000e-01
1.2535000000e+04 2.0500000000e-01
1.2540000000e+04 2.0350000000e-01
1.2545000000e+04 2.0470000000e-01
1.2550000000e+04 2.0510000000e-01
1.2555000000e+04 2.0440000000e-01
1.2560000000e+04 2.0270000000e-01
1.2565000000e+04 2.0490000000e-01
1.2570000000e+04 2.0470000000e-01
1.2575000000e+04 1.9680000000e-01
1.2580000000e+04 2.0430000000e-01
1.2585000000e+04 2.0380000000e-01
1.2590000000e+04 1.9580000000e-01
1.2595000000e+04 2.0260000000e-01
1.2600000000e+04 2.0180000000e-01
1.2605000000e+04 1.9900000000e-01
1.2610000000e+04 1.9490000000e-01
1.2615000000e+04 1.9750000000e-01
1.2620000000e+04 1.9610000000e-01
1.2625000000e+04 1.8440000000e-01
1.2630000000e+04 1.9460000000e-01
1.2635000000e+04 1.9070000000e-01
1.2640000000e+04 1.8890000000e-01
1.2645000000e+04 1.8830000000e-01
1.2650000000e+04 1.8810000000e-01
1.2655000000e+04 1.9480000000e-01
1.2660000000e+04 1.7650000000e-01
1.2665000000e+04 1.8950000000e-01
1.2670000000e+04 1.9180000000e-01
1.2675000000e+04 1.9160000000e-01
1.2680000000e+04 1.9890000000e-01
1.2685000000e+04 1.5040000000e-01
1.2690000000e+04 1.4780000000e-01
1.2695000000e+04 1.8060000000e-01
1.2700000000e+04 1.9270000000e-01
1.2705000000e+04 1.9730000000e-01
1.2710000000e+04 1.9470000000e-01
1.2715000000e+04 1.9940000000e-01
1.2720000000e+04 1.9420000000e-01
1.2725000000e+04 1.9950000000e-01
1.2730000000e+04 1.9480000000e-01
1.2735000000e+04 2.0370000000e-01
1.2740000000e+04 1.9620000000e-01
1.2745000000e+04 2.0170000000e-01
1.2750000000e+04 1.9820000000e-01
1.2755000000e+04 2.0650000000e-01
1.2760000000e+04 2.0080000000e-01
1.2765000000e+04 2.0210000000e-01
1.2770000000e+04 2.0520000000e-01
1.2775000000e+04 2.0540000000e-01
1.2780000000e+04 2.0910000000e-01
1.2785000000e+04 2.0320000000e-01
1.2790000000e+04 2.1040000000e-01
1.2795000000e+04 2.0900000000e-01
1.2800000000e+04 2.1080000000e-01
1.2805000000e+04 2.0800000000e-01
1.2810000000e+04 2.1110000000e-01
1.2815000000e+04 2.1240000000e-01
1.2820000000e+04 2.1230000000e-01
1.2825000000e+04 2.1010000000e-01
1.2830000000e+04 2.1320000000e-01
1.2835000000e+04 2.1320000000e-01
1.2840000000e+04 2.1340000000e-01
1.2845000000e+04 2.1130000000e-01
1.2850000000e+04 2.1360000000e-01
1.2855000000e+04 2.1370000000e-01
1.2860000000e+04 2.1360000000e-01
1.2865000000e+04 2.1280000000e-01
1.2870000000e+04 2.1320000000e-01
1.2875000000e+04 2.1320000000e-01
1.2880000000e+04 2.1290000000e-01
1.2885000000e+04 2.1250000000e-01
1.2890000000e+04 2.1130000000e-01
1.2895000000e+04 2.1190000000e-01
1.2900000000e+04 2.1150000000e-01
1.2905000000e+04 2.1130000000e-01
1.2910000000e+04 2.1050000000e-01
1.2915000000e+04 2.1000000000e-01
1.2920000000e+04 2.0920000000e-01
1.2925000000e+04 2.0940000000e-01
1.2930000000e+04 2.0900000000e-01
1.2935000000e+04 2.0870000000e-01
1.2940000000e+04 2.0780000000e-01
1.2945000000e+04 2.0770000000e-01
1.2950000000e+04 2.0700000000e-01
1.2955000000e+04 2.0580000000e-01
1.2960000000e+04 2.0590000000e-01
1.2965000000e+04 2.0570000000e-01
1.2970000000e+04 2.0500000000e-01
1.2975000000e+04 2.0340000000e-01
1.2980000000e+04 2.0430000000e-01
1.2985000000e+04 2.0450000000e-01
1.2990000000e+04 2.0440000000e-01
1.2995000000e+04 2.0170000000e-01
1.3000000000e+04 2.0320000000e-01
1.3005000000e+04 2.0080000000e-01
1.3010000000e+04 2.0070000000e-01
1.3015000000e+04 2.0340000000e-01
1.3020000000e+04 2.0340000000e-01
1.3025000000e+04 2.0280000000e-01
1.3030000000e+04 2.0180000000e-01
1.3035000000e+04 1.9730000000e-01
1.3040000000e+04 2.0010000000e-01
1.3045000000e+04 1.9940000000e-01
1.3050000000e+04 2.0380000000e-01
1.3055000000e+04 2.0230000000e-01
1.3060000000e+04 2.0430000000e-01
1.3065000000e+04 1.9880000000e-01
1.3070000000e+04 2.0240000000e-01
1.3075000000e+04 2.0500000000e-01
1.3080000000e+04 1.9780000000e-01
1.3085000000e+04 2.0570000000e-01
1.3090000000e+04 2.0570000000e-01
1.3095000000e+04 2.0120000000e-01
1.3100000000e+04 2.0120000000e-01
1.3105000000e+04 1.9780000000e-01
1.3110000000e+04 2.0590000000e-01
1.3115000000e+04 2.0750000000e-01
1.3120000000e+04 2.0600000000e-01
1.3125000000e+04 2.0410000000e-01
1.3130000000e+04 2.0060000000e-01
1.3135000000e+04 1.9800000000e-01
1.3140000000e+04 2.0230000000e-01
1.3145000000e+04 2.0240000000e-01
1.3150000000e+04 2.0070000000e-01
1.3155000000e+04 1.9860000000e-01
1.3160000000e+04 2.0240000000e-01
1.3165000000e+04 2.0210000000e-01
1.3170000000e+04 1.8620000000e-01
1.3175000000e+04 1.9890000000e-01
1.3180000000e+04 1.9560000000e-01
1.3185000000e+04 1.8810000000e-01
1.3190000000e+04 1.8760000000e-01
1.3195000000e+04 1.8300000000e-01
1.3200000000e+04 1.7160000000e-01
1.3205000000e+04 1.7570000000e-01
1.3210000000e+04 1.7700000000e-01
1.3215000000e+04 1.6480000000e-01
1.3220000000e+04 1.6870000000e-01
1.3225000000e+04 1.6280000000e-01
1.3230000000e+04 1.5160000000e-01
1.3235000000e+04 1.5530000000e-01
1.3240000000e+04 1.4400000000e-01
1.3245000000e+04 1.4490000000e-01
1.3250000000e+04 1.4220000000e-01
1.3255000000e+04 1.2980000000e-01
1.3260000000e+04 1.3050000000e-01
1.3265000000e+04 1.2470000000e-01
1.3270000000e+04 1.1390000000e-01
1.3275000000e+04 1.1430000000e-01
1.3280000000e+04 1.0750000000e-01
1.3285000000e+04 9.6200000000e-02
1.3290000000e+04 9.2900000000e-02
1.3295000000e+04 9.3600000000e-02
1.3300000000e+04 8.6800000000e-02
1.3305000000e+04 8.4700000000e-02
1.3310000000e+04 7.6400000000e-02
1.3315000000e+04 6.9500000000e-02
1.3320000000e+04 6.5800000000e-02
1.3325000000e+04 5.5200000000e-02
1.3330000000e+04 6.4100000000e-02
1.3335000000e+04 5.8800000000e-02
1.3340000000e+04 5.2200000000e-02
1.3345000000e+04 5.5400000000e-02
1.3350000000e+04 4.8800000000e-02
1.3355000000e+04 4.9500000000e-02
1.3360000000e+04 3.7000000000e-02
1.3365000000e+04 4.4400000000e-02
1.3370000000e+04 3.8900000000e-02
1.3375000000e+04 3.4200000000e-02
1.3380000000e+04 3.2800000000e-02
1.3385000000e+04 3.5300000000e-02
1.3390000000e+04 3.2300000000e-02
1.3395000000e+04 3.0600000000e-02
1.3400000000e+04 2.8200000000e-02
1.3405000000e+04 2.3300000000e-02
1.3410000000e+04 2.6500000000e-02
1.3415000000e+04 2.2200000000e-02
1.3420000000e+04 2.3800000000e-02
1.3425000000e+04 2.2000000000e-02
1.3430000000e+04 2.0900000000e-02
1.3435000000e+04 2.0000000000e-02
1.3440000000e+04 1.4400000000e-02
1.3445000000e+04 1.3800000000e-02
1.3450000000e+04 1.6200000000e-02
1.3455000000e+04 1.3900000000e-02
1.3460000000e+04 1.3600000000e-02
1.3465000000e+04 1.0600000000e-02
1.3470000000e+04 1.3300000000e-02
1.3475000000e+04 1.0900000000e-02
1.3480000000e+04 7.0000000000e-03
1.3485000000e+04 6.3000000000e-03
1.3490000000e+04 8.1000000000e-03
1.3495000000e+04 1.0000000000e-02
1.3500000000e+04 7.5000000000e-03
1.3505000000e+04 4.2000000000e-03
1.3510000000e+04 7.3000000000e-03
1.3515000000e+04 5.1000000000e-03
1.3520000000e+04 5.5000000000e-03
