# photband: WISE_RSR_W3
# source: SVO Filter Profile Service
# svo_id: WISE/WISE.W3
# detector_type: 0
# response_type: energy
# components: Filter + Instrument
# profile_reference: http://wise2.ipac.caltech.edu/docs/release/prelim/expsup/sec4_3g.html#WISEZMA
# wavelength_unit: Angstrom
# columns: wavelength transmission
7.2000000000e+04 2.8062000000e-05
7.2100000000e+04 1.7202000000e-03
7.2200000000e+04 1.6953000000e-03
7.2300000000e+04 2.1202000000e-03
7.2400000000e+04 2.2305000000e-03
7.2500000000e+04 2.0557000000e-03
7.2600000000e+04 2.1601000000e-03
7.2700000000e+04 1.9177000000e-03
7.2800000000e+04 1.1553000000e-03
7.2900000000e+04 1.6445000000e-03
7.3000000000e+04 2.6889000000e-03
7.3100000000e+04 3.3714000000e-03
7.3200000000e+04 3.5918000000e-03
7.3300000000e+04 3.5219000000e-03
7.3400000000e+04 3.7744000000e-03
7.3500000000e+04 3.6840000000e-03
7.3600000000e+04 3.3351000000e-03
7.3700000000e+04 3.3336000000e-03
7.3800000000e+04 3.1728000000e-03
7.3900000000e+04 3.3791000000e-03
7.4000000000e+04 3.6603000000e-03
7.4100000000e+04 4.2789000000e-03
7.4200000000e+04 5.4307000000e-03
7.4300000000e+04 7.1141000000e-03
7.4400000000e+04 9.2516000000e-03
7.4500000000e+04 1.1710000000e-02
7.4600000000e+04 1.4421000000e-02
7.4700000000e+04 1.7429000000e-02
7.4800000000e+04 2.1233000000e-02
7.4900000000e+04 2.6207000000e-02
7.5000000000e+04 3.3257000000e-02
7.5100000000e+04 4.3132000000e-02
7.5200000000e+04 5.6946000000e-02
7.5300000000e+04 7.5682000000e-02
7.5400000000e+04 1.0010000000e-01
7.5500000000e+04 1.2979000000e-01
7.5600000000e+04 1.6432000000e-01
7.5700000000e+04 2.0006000000e-01
7.5800000000e+04 2.3102000000e-01
7.5900000000e+04 2.5482000000e-01
7.6000000000e+04 2.6893000000e-01
7.6100000000e+04 2.7304000000e-01
7.6200000000e+04 2.6850000000e-01
7.6300000000e+04 2.5881000000e-01
7.6400000000e+04 2.4657000000e-01
7.6500000000e+04 2.3555000000e-01
7.6600000000e+04 2.2577000000e-01
7.6700000000e+04 2.1849000000e-01
7.6800000000e+04 2.1245000000e-01
7.6900000000e+04 2.0893000000e-01
7.7000000000e+04 2.0793000000e-01
7.7100000000e+04 2.0820000000e-01
7.7200000000e+04 2.0847000000e-01
7.7300000000e+04 2.1001000000e-01
7.7400000000e+04 2.1156000000e-01
7.7500000000e+04 2.1183000000e-01
7.7600000000e+04 2.1338000000e-01
7.7700000000e+04 2.1494000000e-01
7.7800000000e+04 2.1778000000e-01
7.7900000000e+04 2.2190000000e-01
7.8000000000e+04 2.2604000000e-01
7.8100000000e+04 2.3019000000e-01
7.8200000000e+04 2.3435000000e-01
7.8300000000e+04 2.3852000000e-01
7.8400000000e+04 2.4269000000e-01
7.8500000000e+04 2.4559000000e-01
7.8600000000e+04 2.4849000000e-01
7.8700000000e+04 2.5010000000e-01
7.8800000000e+04 2.5172000000e-01
7.8900000000e+04 2.5333000000e-01
7.9000000000e+04 2.5626000000e-01
7.9100000000e+04 2.5788000000e-01
7.9200000000e+04 2.6082000000e-01
7.9300000000e+04 2.6637000000e-01
7.9400000000e+04 2.7063000000e-01
7.9500000000e+04 2.7621000000e-01
7.9600000000e+04 2.8311000000e-01
7.9700000000e+04 2.9134000000e-01
7.9800000000e+04 2.9959000000e-01
7.9900000000e+04 3.0654000000e-01
8.0000000000e+04 3.1219000000e-01
8.0100000000e+04 3.1654000000e-01
8.0200000000e+04 3.2090000000e-01
8.0300000000e+04 3.2394000000e-01
8.0400000000e+04 3.2699000000e-01
8.0500000000e+04 3.2872000000e-01
8.0600000000e+04 3.2913000000e-01
8.0700000000e+04 3.3087000000e-01
8.0800000000e+04 3.3128000000e-01
8.0900000000e+04 3.3435000000e-01
8.1000000000e+04 3.3610000000e-01
8.1100000000e+04 3.3651000000e-01
8.1200000000e+04 3.3693000000e-01
8.1300000000e+04 3.3601000000e-01
8.1400000000e+04 3.3374000000e-01
8.1500000000e+04 3.3146000000e-01
8.1600000000e+04 3.2784000000e-01
8.1700000000e+04 3.2421000000e-01
8.1800000000e+04 3.2191000000e-01
8.1900000000e+04 3.2095000000e-01
8.2000000000e+04 3.1865000000e-01
8.2100000000e+04 3.1768000000e-01
8.2200000000e+04 3.1536000000e-01
8.2300000000e+04 3.1439000000e-01
8.2400000000e+04 3.1342000000e-01
8.2500000000e+04 3.1108000000e-01
8.2600000000e+04 3.0738000000e-01
8.2700000000e+04 3.0230000000e-01
8.2800000000e+04 2.9721000000e-01
8.2900000000e+04 2.9211000000e-01
8.3000000000e+04 2.9110000000e-01
8.3100000000e+04 2.9145000000e-01
8.3200000000e+04 2.9180000000e-01
8.3300000000e+04 2.9352000000e-01
8.3400000000e+04 2.9387000000e-01
8.3500000000e+04 2.9285000000e-01
8.3600000000e+04 2.9183000000e-01
8.3700000000e+04 2.9218000000e-01
8.3800000000e+04 2.9390000000e-01
8.3900000000e+04 2.9702000000e-01
8.4000000000e+04 3.0014000000e-01
8.4100000000e+04 3.0188000000e-01
8.4200000000e+04 3.0501000000e-01
8.4300000000e+04 3.0815000000e-01
8.4400000000e+04 3.1130000000e-01
8.4500000000e+04 3.1445000000e-01
8.4600000000e+04 3.1900000000e-01
8.4700000000e+04 3.2356000000e-01
8.4800000000e+04 3.2813000000e-01
8.4900000000e+04 3.3271000000e-01
8.5000000000e+04 3.3730000000e-01
8.5100000000e+04 3.4190000000e-01
8.5200000000e+04 3.4511000000e-01
8.5300000000e+04 3.4832000000e-01
8.5400000000e+04 3.5154000000e-01
8.5500000000e+04 3.5477000000e-01
8.5600000000e+04 3.5801000000e-01
8.5700000000e+04 3.5984000000e-01
8.5800000000e+04 3.6167000000e-01
8.5900000000e+04 3.6209000000e-01
8.6000000000e+04 3.6109000000e-01
8.6100000000e+04 3.6010000000e-01
8.6200000000e+04 3.5910000000e-01
8.6300000000e+04 3.5809000000e-01
8.6400000000e+04 3.5566000000e-01
8.6500000000e+04 3.5465000000e-01
8.6600000000e+04 3.5363000000e-01
8.6700000000e+04 3.5261000000e-01
8.6800000000e+04 3.5159000000e-01
8.6900000000e+04 3.4913000000e-01
8.7000000000e+04 3.4810000000e-01
8.7100000000e+04 3.4563000000e-01
8.7200000000e+04 3.4460000000e-01
8.7300000000e+04 3.4355000000e-01
8.7400000000e+04 3.3963000000e-01
8.7500000000e+04 3.3281000000e-01
8.7600000000e+04 3.1733000000e-01
8.7700000000e+04 2.9025000000e-01
8.7800000000e+04 2.5300000000e-01
8.7900000000e+04 2.1710000000e-01
8.8000000000e+04 1.9706000000e-01
8.8100000000e+04 2.0309000000e-01
8.8200000000e+04 2.2801000000e-01
8.8300000000e+04 2.6171000000e-01
8.8400000000e+04 2.9112000000e-01
8.8500000000e+04 3.1185000000e-01
8.8600000000e+04 3.2387000000e-01
8.8700000000e+04 3.3154000000e-01
8.8800000000e+04 3.3630000000e-01
8.8900000000e+04 3.4107000000e-01
8.9000000000e+04 3.4585000000e-01
8.9100000000e+04 3.5064000000e-01
8.9200000000e+04 3.5397000000e-01
8.9300000000e+04 3.5731000000e-01
8.9400000000e+04 3.5918000000e-01
8.9500000000e+04 3.5958000000e-01
8.9600000000e+04 3.6146000000e-01
8.9700000000e+04 3.6334000000e-01
8.9800000000e+04 3.6374000000e-01
8.9900000000e+04 3.6563000000e-01
9.0000000000e+04 3.6603000000e-01
9.0100000000e+04 3.6496000000e-01
9.0200000000e+04 3.6388000000e-01
9.0300000000e+04 3.6279000000e-01
9.0400000000e+04 3.6171000000e-01
9.0500000000e+04 3.6062000000e-01
9.0600000000e+04 3.6102000000e-01
9.0700000000e+04 3.6291000000e-01
9.0800000000e+04 3.6331000000e-01
9.0900000000e+04 3.6520000000e-01
9.1000000000e+04 3.6710000000e-01
9.1100000000e+04 3.7051000000e-01
9.1200000000e+04 3.7091000000e-01
9.1300000000e+04 3.7282000000e-01
9.1400000000e+04 3.7323000000e-01
9.1500000000e+04 3.7213000000e-01
9.1600000000e+04 3.7103000000e-01
9.1700000000e+04 3.6842000000e-01
9.1800000000e+04 3.6731000000e-01
9.1900000000e+04 3.6468000000e-01
9.2000000000e+04 3.6356000000e-01
9.2100000000e+04 3.6396000000e-01
9.2200000000e+04 3.6284000000e-01
9.2300000000e+04 3.6323000000e-01
9.2400000000e+04 3.6210000000e-01
9.2500000000e+04 3.6249000000e-01
9.2600000000e+04 3.5984000000e-01
9.2700000000e+04 3.6023000000e-01
9.2800000000e+04 3.5909000000e-01
9.2900000000e+04 3.5947000000e-01
9.3000000000e+04 3.6139000000e-01
9.3100000000e+04 3.6178000000e-01
9.3200000000e+04 3.6370000000e-01
9.3300000000e+04 3.6409000000e-01
9.3400000000e+04 3.6448000000e-01
9.3500000000e+04 3.6641000000e-01
9.3600000000e+04 3.6680000000e-01
9.3700000000e+04 3.6565000000e-01
9.3800000000e+04 3.6604000000e-01
9.3900000000e+04 3.6643000000e-01
9.4000000000e+04 3.6837000000e-01
9.4100000000e+04 3.6876000000e-01
9.4200000000e+04 3.7071000000e-01
9.4300000000e+04 3.7110000000e-01
9.4400000000e+04 3.7305000000e-01
9.4500000000e+04 3.7500000000e-01
9.4600000000e+04 3.7695000000e-01
9.4700000000e+04 3.7891000000e-01
9.4800000000e+04 3.8243000000e-01
9.4900000000e+04 3.8596000000e-01
9.5000000000e+04 3.8950000000e-01
9.5100000000e+04 3.9304000000e-01
9.5200000000e+04 3.9502000000e-01
9.5300000000e+04 3.9544000000e-01
9.5400000000e+04 3.9585000000e-01
9.5500000000e+04 3.9469000000e-01
9.5600000000e+04 3.9196000000e-01
9.5700000000e+04 3.9079000000e-01
9.5800000000e+04 3.8805000000e-01
9.5900000000e+04 3.8529000000e-01
9.6000000000e+04 3.8253000000e-01
9.6100000000e+04 3.7977000000e-01
9.6200000000e+04 3.7858000000e-01
9.6300000000e+04 3.7739000000e-01
9.6400000000e+04 3.7778000000e-01
9.6500000000e+04 3.7976000000e-01
9.6600000000e+04 3.8174000000e-01
9.6700000000e+04 3.8532000000e-01
9.6800000000e+04 3.8731000000e-01
9.6900000000e+04 3.9091000000e-01
9.7000000000e+04 3.9291000000e-01
9.7100000000e+04 3.9331000000e-01
9.7200000000e+04 3.9372000000e-01
9.7300000000e+04 3.9412000000e-01
9.7400000000e+04 3.9292000000e-01
9.7500000000e+04 3.9172000000e-01
9.7600000000e+04 3.9212000000e-01
9.7700000000e+04 3.9252000000e-01
9.7800000000e+04 3.9293000000e-01
9.7900000000e+04 3.9494000000e-01
9.8000000000e+04 3.9696000000e-01
9.8100000000e+04 3.9898000000e-01
9.8200000000e+04 4.0100000000e-01
9.8300000000e+04 4.0303000000e-01
9.8400000000e+04 4.0506000000e-01
9.8500000000e+04 4.0709000000e-01
9.8600000000e+04 4.0913000000e-01
9.8700000000e+04 4.1117000000e-01
9.8800000000e+04 4.1321000000e-01
9.8900000000e+04 4.1526000000e-01
9.9000000000e+04 4.1894000000e-01
9.9100000000e+04 4.2263000000e-01
9.9200000000e+04 4.2795000000e-01
9.9300000000e+04 4.3165000000e-01
9.9400000000e+04 4.3700000000e-01
9.9500000000e+04 4.4071000000e-01
9.9600000000e+04 4.4444000000e-01
9.9700000000e+04 4.4817000000e-01
9.9800000000e+04 4.5026000000e-01
9.9900000000e+04 4.5400000000e-01
1.0000000000e+05 4.5610000000e-01
1.0010000000e+05 4.5985000000e-01
1.0020000000e+05 4.6526000000e-01
1.0030000000e+05 4.6903000000e-01
1.0040000000e+05 4.7446000000e-01
1.0050000000e+05 4.8155000000e-01
1.0060000000e+05 4.8866000000e-01
1.0070000000e+05 4.9577000000e-01
1.0080000000e+05 5.0124000000e-01
1.0090000000e+05 5.0839000000e-01
1.0100000000e+05 5.1554000000e-01
1.0110000000e+05 5.2105000000e-01
1.0120000000e+05 5.2656000000e-01
1.0130000000e+05 5.3209000000e-01
1.0140000000e+05 5.3595000000e-01
1.0150000000e+05 5.3982000000e-01
1.0160000000e+05 5.4370000000e-01
1.0170000000e+05 5.4758000000e-01
1.0180000000e+05 5.4812000000e-01
1.0190000000e+05 5.4866000000e-01
1.0200000000e+05 5.4752000000e-01
1.0210000000e+05 5.4469000000e-01
1.0220000000e+05 5.4186000000e-01
1.0230000000e+05 5.3902000000e-01
1.0240000000e+05 5.3618000000e-01
1.0250000000e+05 5.3501000000e-01
1.0260000000e+05 5.3216000000e-01
1.0270000000e+05 5.2760000000e-01
1.0280000000e+05 5.2473000000e-01
1.0290000000e+05 5.2016000000e-01
1.0300000000e+05 5.1727000000e-01
1.0310000000e+05 5.1268000000e-01
1.0320000000e+05 5.1148000000e-01
1.0330000000e+05 5.1027000000e-01
1.0340000000e+05 5.0907000000e-01
1.0350000000e+05 5.0956000000e-01
1.0360000000e+05 5.1005000000e-01
1.0370000000e+05 5.1054000000e-01
1.0380000000e+05 5.1104000000e-01
1.0390000000e+05 5.0982000000e-01
1.0400000000e+05 5.0860000000e-01
1.0410000000e+05 5.0737000000e-01
1.0420000000e+05 5.0614000000e-01
1.0430000000e+05 5.0491000000e-01
1.0440000000e+05 5.0196000000e-01
1.0450000000e+05 5.0244000000e-01
1.0460000000e+05 5.0120000000e-01
1.0470000000e+05 5.0167000000e-01
1.0480000000e+05 5.0215000000e-01
1.0490000000e+05 5.0436000000e-01
1.0500000000e+05 5.0657000000e-01
1.0510000000e+05 5.0878000000e-01
1.0520000000e+05 5.1100000000e-01
1.0530000000e+05 5.1148000000e-01
1.0540000000e+05 5.1371000000e-01
1.0550000000e+05 5.1593000000e-01
1.0560000000e+05 5.1816000000e-01
1.0570000000e+05 5.2039000000e-01
1.0580000000e+05 5.2437000000e-01
1.0590000000e+05 5.2661000000e-01
1.0600000000e+05 5.3059000000e-01
1.0610000000e+05 5.3284000000e-01
1.0620000000e+05 5.3509000000e-01
1.0630000000e+05 5.3735000000e-01
1.0640000000e+05 5.3960000000e-01
1.0650000000e+05 5.4186000000e-01
1.0660000000e+05 5.4413000000e-01
1.0670000000e+05 5.4640000000e-01
1.0680000000e+05 5.5042000000e-01
1.0690000000e+05 5.5270000000e-01
1.0700000000e+05 5.5322000000e-01
1.0710000000e+05 5.5550000000e-01
1.0720000000e+05 5.5602000000e-01
1.0730000000e+05 5.5477000000e-01
1.0740000000e+05 5.5352000000e-01
1.0750000000e+05 5.5226000000e-01
1.0760000000e+05 5.5100000000e-01
1.0770000000e+05 5.4974000000e-01
1.0780000000e+05 5.4848000000e-01
1.0790000000e+05 5.4721000000e-01
1.0800000000e+05 5.4772000000e-01
1.0810000000e+05 5.4823000000e-01
1.0820000000e+05 5.5051000000e-01
1.0830000000e+05 5.5281000000e-01
1.0840000000e+05 5.5510000000e-01
1.0850000000e+05 5.5740000000e-01
1.0860000000e+05 5.5970000000e-01
1.0870000000e+05 5.6022000000e-01
1.0880000000e+05 5.5894000000e-01
1.0890000000e+05 5.5766000000e-01
1.0900000000e+05 5.5638000000e-01
1.0910000000e+05 5.5330000000e-01
1.0920000000e+05 5.5021000000e-01
1.0930000000e+05 5.4891000000e-01
1.0940000000e+05 5.4581000000e-01
1.0950000000e+05 5.4270000000e-01
1.0960000000e+05 5.4140000000e-01
1.0970000000e+05 5.4008000000e-01
1.0980000000e+05 5.3877000000e-01
1.0990000000e+05 5.3926000000e-01
1.1000000000e+05 5.3975000000e-01
1.1010000000e+05 5.4024000000e-01
1.1020000000e+05 5.4254000000e-01
1.1030000000e+05 5.4485000000e-01
1.1040000000e+05 5.4716000000e-01
1.1050000000e+05 5.4766000000e-01
1.1060000000e+05 5.4816000000e-01
1.1070000000e+05 5.4683000000e-01
1.1080000000e+05 5.4550000000e-01
1.1090000000e+05 5.4599000000e-01
1.1100000000e+05 5.4466000000e-01
1.1110000000e+05 5.4515000000e-01
1.1120000000e+05 5.4381000000e-01
1.1130000000e+05 5.4429000000e-01
1.1140000000e+05 5.4478000000e-01
1.1150000000e+05 5.4344000000e-01
1.1160000000e+05 5.4392000000e-01
1.1170000000e+05 5.4073000000e-01
1.1180000000e+05 5.3938000000e-01
1.1190000000e+05 5.3617000000e-01
1.1200000000e+05 5.3296000000e-01
1.1210000000e+05 5.2975000000e-01
1.1220000000e+05 5.2653000000e-01
1.1230000000e+05 5.2330000000e-01
1.1240000000e+05 5.2191000000e-01
1.1250000000e+05 5.2052000000e-01
1.1260000000e+05 5.1913000000e-01
1.1270000000e+05 5.1959000000e-01
1.1280000000e+05 5.2191000000e-01
1.1290000000e+05 5.2238000000e-01
1.1300000000e+05 5.2470000000e-01
1.1310000000e+05 5.2703000000e-01
1.1320000000e+05 5.3122000000e-01
1.1330000000e+05 5.3355000000e-01
1.1340000000e+05 5.3589000000e-01
1.1350000000e+05 5.3823000000e-01
1.1360000000e+05 5.4058000000e-01
1.1370000000e+05 5.4105000000e-01
1.1380000000e+05 5.4340000000e-01
1.1390000000e+05 5.4388000000e-01
1.1400000000e+05 5.4624000000e-01
1.1410000000e+05 5.4672000000e-01
1.1420000000e+05 5.4907000000e-01
1.1430000000e+05 5.5144000000e-01
1.1440000000e+05 5.5380000000e-01
1.1450000000e+05 5.5617000000e-01
1.1460000000e+05 5.5855000000e-01
1.1470000000e+05 5.6281000000e-01
1.1480000000e+05 5.6519000000e-01
1.1490000000e+05 5.6947000000e-01
1.1500000000e+05 5.7186000000e-01
1.1510000000e+05 5.7614000000e-01
1.1520000000e+05 5.8044000000e-01
1.1530000000e+05 5.8474000000e-01
1.1540000000e+05 5.8905000000e-01
1.1550000000e+05 5.9336000000e-01
1.1560000000e+05 5.9768000000e-01
1.1570000000e+05 6.0010000000e-01
1.1580000000e+05 6.0253000000e-01
1.1590000000e+05 6.0496000000e-01
1.1600000000e+05 6.0548000000e-01
1.1610000000e+05 6.0791000000e-01
1.1620000000e+05 6.0844000000e-01
1.1630000000e+05 6.1088000000e-01
1.1640000000e+05 6.1140000000e-01
1.1650000000e+05 6.1384000000e-01
1.1660000000e+05 6.1437000000e-01
1.1670000000e+05 6.1682000000e-01
1.1680000000e+05 6.1735000000e-01
1.1690000000e+05 6.1788000000e-01
1.1700000000e+05 6.1841000000e-01
1.1710000000e+05 6.1701000000e-01
1.1720000000e+05 6.1560000000e-01
1.1730000000e+05 6.1227000000e-01
1.1740000000e+05 6.0892000000e-01
1.1750000000e+05 6.0751000000e-01
1.1760000000e+05 6.0415000000e-01
1.1770000000e+05 6.0079000000e-01
1.1780000000e+05 5.9936000000e-01
1.1790000000e+05 5.9793000000e-01
1.1800000000e+05 5.9649000000e-01
1.1810000000e+05 5.9700000000e-01
1.1820000000e+05 5.9555000000e-01
1.1830000000e+05 5.9606000000e-01
1.1840000000e+05 5.9656000000e-01
1.1850000000e+05 5.9511000000e-01
1.1860000000e+05 5.9366000000e-01
1.1870000000e+05 5.9221000000e-01
1.1880000000e+05 5.9075000000e-01
1.1890000000e+05 5.8929000000e-01
1.1900000000e+05 5.8587000000e-01
1.1910000000e+05 5.8440000000e-01
1.1920000000e+05 5.8293000000e-01
1.1930000000e+05 5.8145000000e-01
1.1940000000e+05 5.7997000000e-01
1.1950000000e+05 5.8046000000e-01
1.1960000000e+05 5.7898000000e-01
1.1970000000e+05 5.7946000000e-01
1.1980000000e+05 5.7994000000e-01
1.1990000000e+05 5.7845000000e-01
1.2000000000e+05 5.7894000000e-01
1.2010000000e+05 5.7744000000e-01
1.2020000000e+05 5.7594000000e-01
1.2030000000e+05 5.7444000000e-01
1.2040000000e+05 5.7294000000e-01
1.2050000000e+05 5.7143000000e-01
1.2060000000e+05 5.6793000000e-01
1.2070000000e+05 5.6641000000e-01
1.2080000000e+05 5.6291000000e-01
1.2090000000e+05 5.6337000000e-01
1.2100000000e+05 5.6185000000e-01
1.2110000000e+05 5.6231000000e-01
1.2120000000e+05 5.6277000000e-01
1.2130000000e+05 5.6524000000e-01
1.2140000000e+05 5.6770000000e-01
1.2150000000e+05 5.7017000000e-01
1.2160000000e+05 5.7264000000e-01
1.2170000000e+05 5.7512000000e-01
1.2180000000e+05 5.7759000000e-01
1.2190000000e+05 5.8007000000e-01
1.2200000000e+05 5.8457000000e-01
1.2210000000e+05 5.8505000000e-01
1.2220000000e+05 5.8754000000e-01
1.2230000000e+05 5.9003000000e-01
1.2240000000e+05 5.9052000000e-01
1.2250000000e+05 5.9302000000e-01
1.2260000000e+05 5.9350000000e-01
1.2270000000e+05 5.9398000000e-01
1.2280000000e+05 5.9649000000e-01
1.2290000000e+05 5.9698000000e-01
1.2300000000e+05 5.9949000000e-01
1.2310000000e+05 6.0200000000e-01
1.2320000000e+05 6.0655000000e-01
1.2330000000e+05 6.1110000000e-01
1.2340000000e+05 6.1566000000e-01
1.2350000000e+05 6.2022000000e-01
1.2360000000e+05 6.2480000000e-01
1.2370000000e+05 6.2938000000e-01
1.2380000000e+05 6.3396000000e-01
1.2390000000e+05 6.4059000000e-01
1.2400000000e+05 6.4520000000e-01
1.2410000000e+05 6.5185000000e-01
1.2420000000e+05 6.5851000000e-01
1.2430000000e+05 6.6313000000e-01
1.2440000000e+05 6.6981000000e-01
1.2450000000e+05 6.7445000000e-01
1.2460000000e+05 6.8114000000e-01
1.2470000000e+05 6.8580000000e-01
1.2480000000e+05 6.9046000000e-01
1.2490000000e+05 6.9307000000e-01
1.2500000000e+05 6.9568000000e-01
1.2510000000e+05 6.9830000000e-01
1.2520000000e+05 7.0092000000e-01
1.2530000000e+05 6.9941000000e-01
1.2540000000e+05 6.9997000000e-01
1.2550000000e+05 6.9846000000e-01
1.2560000000e+05 6.9695000000e-01
1.2570000000e+05 6.9544000000e-01
1.2580000000e+05 6.9392000000e-01
1.2590000000e+05 6.9240000000e-01
1.2600000000e+05 6.9295000000e-01
1.2610000000e+05 6.9350000000e-01
1.2620000000e+05 6.9405000000e-01
1.2630000000e+05 6.9668000000e-01
1.2640000000e+05 6.9931000000e-01
1.2650000000e+05 7.0194000000e-01
1.2660000000e+05 7.0458000000e-01
1.2670000000e+05 7.0493000000e-01
1.2680000000e+05 7.0758000000e-01
1.2690000000e+05 7.0813000000e-01
1.2700000000e+05 7.0869000000e-01
1.2710000000e+05 7.0925000000e-01
1.2720000000e+05 7.0981000000e-01
1.2730000000e+05 7.1058000000e-01
1.2740000000e+05 7.1113000000e-01
1.2750000000e+05 7.1169000000e-01
1.2760000000e+05 7.1435000000e-01
1.2770000000e+05 7.1491000000e-01
1.2780000000e+05 7.1758000000e-01
1.2790000000e+05 7.2024000000e-01
1.2800000000e+05 7.2291000000e-01
1.2810000000e+05 7.2559000000e-01
1.2820000000e+05 7.3038000000e-01
1.2830000000e+05 7.3517000000e-01
1.2840000000e+05 7.3997000000e-01
1.2850000000e+05 7.4478000000e-01
1.2860000000e+05 7.5171000000e-01
1.2870000000e+05 7.5654000000e-01
1.2880000000e+05 7.6136000000e-01
1.2890000000e+05 7.6832000000e-01
1.2900000000e+05 7.7104000000e-01
1.2910000000e+05 7.7589000000e-01
1.2920000000e+05 7.7862000000e-01
1.2930000000e+05 7.8135000000e-01
1.2940000000e+05 7.8196000000e-01
1.2950000000e+05 7.8469000000e-01
1.2960000000e+05 7.8530000000e-01
1.2970000000e+05 7.8377000000e-01
1.2980000000e+05 7.8437000000e-01
1.2990000000e+05 7.8498000000e-01
1.3000000000e+05 7.8558000000e-01
1.3010000000e+05 7.8619000000e-01
1.3020000000e+05 7.8679000000e-01
1.3030000000e+05 7.8954000000e-01
1.3040000000e+05 7.9229000000e-01
1.3050000000e+05 7.9505000000e-01
1.3060000000e+05 7.9781000000e-01
1.3070000000e+05 8.0273000000e-01
1.3080000000e+05 8.0980000000e-01
1.3090000000e+05 8.1473000000e-01
1.3100000000e+05 8.2182000000e-01
1.3110000000e+05 8.2893000000e-01
1.3120000000e+05 8.3604000000e-01
1.3130000000e+05 8.4316000000e-01
1.3140000000e+05 8.4813000000e-01
1.3150000000e+05 8.5527000000e-01
1.3160000000e+05 8.6243000000e-01
1.3170000000e+05 8.6742000000e-01
1.3180000000e+05 8.7242000000e-01
1.3190000000e+05 8.7742000000e-01
1.3200000000e+05 8.8243000000e-01
1.3210000000e+05 8.8745000000e-01
1.3220000000e+05 8.9030000000e-01
1.3230000000e+05 8.9315000000e-01
1.3240000000e+05 8.9601000000e-01
1.3250000000e+05 8.9887000000e-01
1.3260000000e+05 9.0173000000e-01
1.3270000000e+05 9.0459000000e-01
1.3280000000e+05 9.0528000000e-01
1.3290000000e+05 9.0596000000e-01
1.3300000000e+05 9.0664000000e-01
1.3310000000e+05 9.0732000000e-01
1.3320000000e+05 9.0581000000e-01
1.3330000000e+05 9.0429000000e-01
1.3340000000e+05 9.0058000000e-01
1.3350000000e+05 8.9906000000e-01
1.3360000000e+05 8.9753000000e-01
1.3370000000e+05 8.9380000000e-01
1.3380000000e+05 8.9226000000e-01
1.3390000000e+05 8.9073000000e-01
1.3400000000e+05 8.8919000000e-01
1.3410000000e+05 8.8985000000e-01
1.3420000000e+05 8.9051000000e-01
1.3430000000e+05 8.9118000000e-01
1.3440000000e+05 8.9184000000e-01
1.3450000000e+05 8.9472000000e-01
1.3460000000e+05 8.9538000000e-01
1.3470000000e+05 8.9827000000e-01
1.3480000000e+05 8.9893000000e-01
1.3490000000e+05 9.0182000000e-01
1.3500000000e+05 9.0249000000e-01
1.3510000000e+05 9.0316000000e-01
1.3520000000e+05 9.0383000000e-01
1.3530000000e+05 9.0450000000e-01
1.3540000000e+05 9.0516000000e-01
1.3550000000e+05 9.0583000000e-01
1.3560000000e+05 9.0650000000e-01
1.3570000000e+05 9.0940000000e-01
1.3580000000e+05 9.1007000000e-01
1.3590000000e+05 9.1298000000e-01
1.3600000000e+05 9.1365000000e-01
1.3610000000e+05 9.1657000000e-01
1.3620000000e+05 9.1724000000e-01
1.3630000000e+05 9.2016000000e-01
1.3640000000e+05 9.2083000000e-01
1.3650000000e+05 9.2151000000e-01
1.3660000000e+05 9.1993000000e-01
1.3670000000e+05 9.2061000000e-01
1.3680000000e+05 9.1903000000e-01
1.3690000000e+05 9.1745000000e-01
1.3700000000e+05 9.1586000000e-01
1.3710000000e+05 9.1427000000e-01
1.3720000000e+05 9.1268000000e-01
1.3730000000e+05 9.1108000000e-01
1.3740000000e+05 9.0948000000e-01
1.3750000000e+05 9.0788000000e-01
1.3760000000e+05 9.0854000000e-01
1.3770000000e+05 9.0920000000e-01
1.3780000000e+05 9.0986000000e-01
1.3790000000e+05 9.1052000000e-01
1.3800000000e+05 9.1346000000e-01
1.3810000000e+05 9.1412000000e-01
1.3820000000e+05 9.1706000000e-01
1.3830000000e+05 9.2000000000e-01
1.3840000000e+05 9.2066000000e-01
1.3850000000e+05 9.2133000000e-01
1.3860000000e+05 9.2427000000e-01
1.3870000000e+05 9.2494000000e-01
1.3880000000e+05 9.2561000000e-01
1.3890000000e+05 9.2627000000e-01
1.3900000000e+05 9.2694000000e-01
1.3910000000e+05 9.2990000000e-01
1.3920000000e+05 9.3057000000e-01
1.3930000000e+05 9.3124000000e-01
1.3940000000e+05 9.3420000000e-01
1.3950000000e+05 9.3717000000e-01
1.3960000000e+05 9.4014000000e-01
1.3970000000e+05 9.4311000000e-01
1.3980000000e+05 9.4609000000e-01
1.3990000000e+05 9.4907000000e-01
1.4000000000e+05 9.5436000000e-01
1.4010000000e+05 9.5735000000e-01
1.4020000000e+05 9.6034000000e-01
1.4030000000e+05 9.6333000000e-01
1.4040000000e+05 9.6633000000e-01
1.4050000000e+05 9.6702000000e-01
1.4060000000e+05 9.7002000000e-01
1.4070000000e+05 9.7071000000e-01
1.4080000000e+05 9.6908000000e-01
1.4090000000e+05 9.6977000000e-01
1.4100000000e+05 9.6814000000e-01
1.4110000000e+05 9.6883000000e-01
1.4120000000e+05 9.6719000000e-01
1.4130000000e+05 9.6555000000e-01
1.4140000000e+05 9.6623000000e-01
1.4150000000e+05 9.6691000000e-01
1.4160000000e+05 9.6526000000e-01
1.4170000000e+05 9.6828000000e-01
1.4180000000e+05 9.6896000000e-01
1.4190000000e+05 9.7198000000e-01
1.4200000000e+05 9.7267000000e-01
1.4210000000e+05 9.7569000000e-01
1.4220000000e+05 9.7872000000e-01
1.4230000000e+05 9.7941000000e-01
1.4240000000e+05 9.8244000000e-01
1.4250000000e+05 9.8313000000e-01
1.4260000000e+05 9.8382000000e-01
1.4270000000e+05 9.8216000000e-01
1.4280000000e+05 9.8050000000e-01
1.4290000000e+05 9.8118000000e-01
1.4300000000e+05 9.7952000000e-01
1.4310000000e+05 9.7785000000e-01
1.4320000000e+05 9.7853000000e-01
1.4330000000e+05 9.7685000000e-01
1.4340000000e+05 9.7753000000e-01
1.4350000000e+05 9.7822000000e-01
1.4360000000e+05 9.8126000000e-01
1.4370000000e+05 9.8195000000e-01
1.4380000000e+05 9.8500000000e-01
1.4390000000e+05 9.8805000000e-01
1.4400000000e+05 9.9111000000e-01
1.4410000000e+05 9.9180000000e-01
1.4420000000e+05 9.9486000000e-01
1.4430000000e+05 9.9793000000e-01
1.4440000000e+05 9.9862000000e-01
1.4450000000e+05 9.9931000000e-01
1.4460000000e+05 1.0000000000e+00
1.4470000000e+05 9.9831000000e-01
1.4480000000e+05 9.9661000000e-01
1.4490000000e+05 9.9492000000e-01
1.4500000000e+05 9.9322000000e-01
1.4510000000e+05 9.9151000000e-01
1.4520000000e+05 9.8980000000e-01
1.4530000000e+05 9.8809000000e-01
1.4540000000e+05 9.8638000000e-01
1.4550000000e+05 9.8466000000e-01
1.4560000000e+05 9.8294000000e-01
1.4570000000e+05 9.8122000000e-01
1.4580000000e+05 9.7949000000e-01
1.4590000000e+05 9.7776000000e-01
1.4600000000e+05 9.7603000000e-01
1.4610000000e+05 9.7429000000e-01
1.4620000000e+05 9.7255000000e-01
1.4630000000e+05 9.7080000000e-01
1.4640000000e+05 9.6906000000e-01
1.4650000000e+05 9.6731000000e-01
1.4660000000e+05 9.6555000000e-01
1.4670000000e+05 9.6380000000e-01
1.4680000000e+05 9.6204000000e-01
1.4690000000e+05 9.6269000000e-01
1.4700000000e+05 9.6093000000e-01
1.4710000000e+05 9.6158000000e-01
1.4720000000e+05 9.5981000000e-01
1.4730000000e+05 9.6046000000e-01
1.4740000000e+05 9.5869000000e-01
1.4750000000e+05 9.5934000000e-01
1.4760000000e+05 9.5999000000e-01
1.4770000000e+05 9.5821000000e-01
1.4780000000e+05 9.5642000000e-01
1.4790000000e+05 9.5463000000e-01
1.4800000000e+05 9.5284000000e-01
1.4810000000e+05 9.5349000000e-01
1.4820000000e+05 9.4925000000e-01
1.4830000000e+05 9.4745000000e-01
1.4840000000e+05 9.4564000000e-01
1.4850000000e+05 9.4384000000e-01
1.4860000000e+05 9.4202000000e-01
1.4870000000e+05 9.4021000000e-01
1.4880000000e+05 9.3839000000e-01
1.4890000000e+05 9.3657000000e-01
1.4900000000e+05 9.3475000000e-01
1.4910000000e+05 9.3292000000e-01
1.4920000000e+05 9.3109000000e-01
1.4930000000e+05 9.2679000000e-01
1.4940000000e+05 9.2496000000e-01
1.4950000000e+05 9.2311000000e-01
1.4960000000e+05 9.1880000000e-01
1.4970000000e+05 9.1695000000e-01
1.4980000000e+05 9.1510000000e-01
1.4990000000e+05 9.1077000000e-01
1.5000000000e+05 9.0891000000e-01
1.5010000000e+05 9.0705000000e-01
1.5020000000e+05 9.0518000000e-01
1.5030000000e+05 9.0330000000e-01
1.5040000000e+05 9.0143000000e-01
1.5050000000e+05 8.9955000000e-01
1.5060000000e+05 8.9767000000e-01
1.5070000000e+05 8.9578000000e-01
1.5080000000e+05 8.9389000000e-01
1.5090000000e+05 8.9200000000e-01
1.5100000000e+05 8.8762000000e-01
1.5110000000e+05 8.8572000000e-01
1.5120000000e+05 8.8382000000e-01
1.5130000000e+05 8.7942000000e-01
1.5140000000e+05 8.7501000000e-01
1.5150000000e+05 8.7060000000e-01
1.5160000000e+05 8.6619000000e-01
1.5170000000e+05 8.5926000000e-01
1.5180000000e+05 8.5233000000e-01
1.5190000000e+05 8.4539000000e-01
1.5200000000e+05 8.3844000000e-01
1.5210000000e+05 8.3148000000e-01
1.5220000000e+05 8.2200000000e-01
1.5230000000e+05 8.1502000000e-01
1.5240000000e+05 8.0551000000e-01
1.5250000000e+05 7.9851000000e-01
1.5260000000e+05 7.9149000000e-01
1.5270000000e+05 7.8196000000e-01
1.5280000000e+05 7.7492000000e-01
1.5290000000e+05 7.6787000000e-01
1.5300000000e+05 7.6082000000e-01
1.5310000000e+05 7.5375000000e-01
1.5320000000e+05 7.4920000000e-01
1.5330000000e+05 7.4212000000e-01
1.5340000000e+05 7.3502000000e-01
1.5350000000e+05 7.2792000000e-01
1.5360000000e+05 7.2081000000e-01
1.5370000000e+05 7.1368000000e-01
1.5380000000e+05 7.0680000000e-01
1.5390000000e+05 6.9966000000e-01
1.5400000000e+05 6.9251000000e-01
1.5410000000e+05 6.8535000000e-01
1.5420000000e+05 6.7817000000e-01
1.5430000000e+05 6.7328000000e-01
1.5440000000e+05 6.6609000000e-01
1.5450000000e+05 6.6143000000e-01
1.5460000000e+05 6.5931000000e-01
1.5470000000e+05 6.5465000000e-01
1.5480000000e+05 6.5252000000e-01
1.5490000000e+05 6.5039000000e-01
1.5500000000e+05 6.4826000000e-01
1.5510000000e+05 6.4868000000e-01
1.5520000000e+05 6.4909000000e-01
1.5530000000e+05 6.4696000000e-01
1.5540000000e+05 6.4737000000e-01
1.5550000000e+05 6.4779000000e-01
1.5560000000e+05 6.4821000000e-01
1.5570000000e+05 6.4862000000e-01
1.5580000000e+05 6.5160000000e-01
1.5590000000e+05 6.5202000000e-01
1.5600000000e+05 6.5244000000e-01
1.5610000000e+05 6.5286000000e-01
1.5620000000e+05 6.5585000000e-01
1.5630000000e+05 6.5627000000e-01
1.5640000000e+05 6.5926000000e-01
1.5650000000e+05 6.5969000000e-01
1.5660000000e+05 6.6269000000e-01
1.5670000000e+05 6.6311000000e-01
1.5680000000e+05 6.6611000000e-01
1.5690000000e+05 6.6654000000e-01
1.5700000000e+05 6.6696000000e-01
1.5710000000e+05 6.6997000000e-01
1.5720000000e+05 6.7040000000e-01
1.5730000000e+05 6.7083000000e-01
1.5740000000e+05 6.7125000000e-01
1.5750000000e+05 6.6909000000e-01
1.5760000000e+05 6.6951000000e-01
1.5770000000e+05 6.6994000000e-01
1.5780000000e+05 6.6776000000e-01
1.5790000000e+05 6.6819000000e-01
1.5800000000e+05 6.6601000000e-01
1.5810000000e+05 6.6383000000e-01
1.5820000000e+05 6.6425000000e-01
1.5830000000e+05 6.6206000000e-01
1.5840000000e+05 6.5987000000e-01
1.5850000000e+05 6.5768000000e-01
1.5860000000e+05 6.5287000000e-01
1.5870000000e+05 6.5067000000e-01
1.5880000000e+05 6.4846000000e-01
1.5890000000e+05 6.4364000000e-01
1.5900000000e+05 6.4142000000e-01
1.5910000000e+05 6.3659000000e-01
1.5920000000e+05 6.3175000000e-01
1.5930000000e+05 6.2952000000e-01
1.5940000000e+05 6.2467000000e-01
1.5950000000e+05 6.1981000000e-01
1.5960000000e+05 6.1757000000e-01
1.5970000000e+05 6.1269000000e-01
1.5980000000e+05 6.1045000000e-01
1.5990000000e+05 6.0820000000e-01
1.6000000000e+05 6.0594000000e-01
1.6010000000e+05 6.0368000000e-01
1.6020000000e+05 6.0142000000e-01
1.6030000000e+05 5.9916000000e-01
1.6040000000e+05 5.9953000000e-01
1.6050000000e+05 5.9726000000e-01
1.6060000000e+05 5.9764000000e-01
1.6070000000e+05 5.9801000000e-01
1.6080000000e+05 5.9838000000e-01
1.6090000000e+05 5.9875000000e-01
1.6100000000e+05 5.9647000000e-01
1.6110000000e+05 5.9684000000e-01
1.6120000000e+05 5.9721000000e-01
1.6130000000e+05 5.9493000000e-01
1.6140000000e+05 5.9530000000e-01
1.6150000000e+05 5.9567000000e-01
1.6160000000e+05 5.9337000000e-01
1.6170000000e+05 5.9108000000e-01
1.6180000000e+05 5.9144000000e-01
1.6190000000e+05 5.8914000000e-01
1.6200000000e+05 5.8684000000e-01
1.6210000000e+05 5.8453000000e-01
1.6220000000e+05 5.8222000000e-01
1.6230000000e+05 5.7991000000e-01
1.6240000000e+05 5.7492000000e-01
1.6250000000e+05 5.7260000000e-01
1.6260000000e+05 5.6760000000e-01
1.6270000000e+05 5.6259000000e-01
1.6280000000e+05 5.5757000000e-01
1.6290000000e+05 5.5255000000e-01
1.6300000000e+05 5.4484000000e-01
1.6310000000e+05 5.3711000000e-01
1.6320000000e+05 5.2965000000e-01
1.6330000000e+05 5.2191000000e-01
1.6340000000e+05 5.1416000000e-01
1.6350000000e+05 5.0370000000e-01
1.6360000000e+05 4.9324000000e-01
1.6370000000e+05 4.8275000000e-01
1.6380000000e+05 4.7226000000e-01
1.6390000000e+05 4.6175000000e-01
1.6400000000e+05 4.5123000000e-01
1.6410000000e+05 4.3800000000e-01
1.6420000000e+05 4.2745000000e-01
1.6430000000e+05 4.1419000000e-01
1.6440000000e+05 4.0361000000e-01
1.6450000000e+05 3.9031000000e-01
1.6460000000e+05 3.7700000000e-01
1.6470000000e+05 3.6638000000e-01
1.6480000000e+05 3.5303000000e-01
1.6490000000e+05 3.3967000000e-01
1.6500000000e+05 3.2901000000e-01
1.6510000000e+05 3.1562000000e-01
1.6520000000e+05 3.0493000000e-01
1.6530000000e+05 2.9150000000e-01
1.6540000000e+05 2.8079000000e-01
1.6550000000e+05 2.6777000000e-01
1.6560000000e+05 2.5618000000e-01
1.6570000000e+05 2.4487000000e-01
1.6580000000e+05 2.3407000000e-01
1.6590000000e+05 2.2301000000e-01
1.6600000000e+05 2.1276000000e-01
1.6610000000e+05 2.0280000000e-01
1.6620000000e+05 1.9307000000e-01
1.6630000000e+05 1.8360000000e-01
1.6640000000e+05 1.7442000000e-01
1.6650000000e+05 1.6603000000e-01
1.6660000000e+05 1.5762000000e-01
1.6670000000e+05 1.4948000000e-01
1.6680000000e+05 1.4213000000e-01
1.6690000000e+05 1.3507000000e-01
1.6700000000e+05 1.2825000000e-01
1.6710000000e+05 1.2197000000e-01
1.6720000000e+05 1.1571000000e-01
1.6730000000e+05 1.0997000000e-01
1.6740000000e+05 1.0480000000e-01
1.6750000000e+05 9.9344000000e-02
1.6760000000e+05 9.4712000000e-02
1.6770000000e+05 9.0350000000e-02
1.6780000000e+05 8.5983000000e-02
1.6790000000e+05 8.2164000000e-02
1.6800000000e+05 7.8368000000e-02
1.6810000000e+05 7.4789000000e-02
1.6820000000e+05 7.1510000000e-02
1.6830000000e+05 6.8227000000e-02
1.6840000000e+05 6.5494000000e-02
1.6850000000e+05 6.2731000000e-02
1.6860000000e+05 5.9992000000e-02
1.6870000000e+05 5.7528000000e-02
1.6880000000e+05 5.5033000000e-02
1.6890000000e+05 5.2840000000e-02
1.6900000000e+05 5.0896000000e-02
1.6910000000e+05 4.8699000000e-02
1.6920000000e+05 4.7028000000e-02
1.6930000000e+05 4.5104000000e-02
1.6940000000e+05 4.3457000000e-02
1.6950000000e+05 4.2088000000e-02
1.6960000000e+05 4.0437000000e-02
1.6970000000e+05 3.9064000000e-02
1.6980000000e+05 3.7689000000e-02
1.6990000000e+05 3.6592000000e-02
1.7000000000e+05 3.5494000000e-02
1.7010000000e+05 3.4394000000e-02
1.7020000000e+05 3.3293000000e-02
1.7030000000e+05 3.2191000000e-02
1.7040000000e+05 3.1340000000e-02
1.7050000000e+05 3.0264000000e-02
1.7060000000e+05 2.9411000000e-02
1.7070000000e+05 2.8585000000e-02
1.7080000000e+05 2.7676000000e-02
1.7090000000e+05 2.6809000000e-02
1.7100000000e+05 2.5960000000e-02
1.7110000000e+05 2.5085000000e-02
1.7120000000e+05 2.4189000000e-02
1.7130000000e+05 2.3309000000e-02
1.7140000000e+05 2.2406000000e-02
1.7150000000e+05 2.1450000000e-02
1.7160000000e+05 2.0516000000e-02
1.7170000000e+05 1.9522000000e-02
1.7180000000e+05 1.8498000000e-02
1.7190000000e+05 1.7467000000e-02
1.7200000000e+05 1.6440000000e-02
1.7210000000e+05 1.5382000000e-02
1.7220000000e+05 1.4324000000e-02
1.7230000000e+05 1.3260000000e-02
1.7240000000e+05 1.2223000000e-02
1.7250000000e+05 1.1154000000e-02
1.7260000000e+05 1.0137000000e-02
1.7270000000e+05 9.1167000000e-03
1.7280000000e+05 8.0920000000e-03
1.7290000000e+05 7.1031000000e-03
1.7300000000e+05 6.1957000000e-03
1.7310000000e+05 5.2644000000e-03
1.7320000000e+05 4.4290000000e-03
1.7330000000e+05 3.5669000000e-03
1.7340000000e+05 2.7878000000e-03
1.7350000000e+05 1.8864000000e-03
1.7360000000e+05 2.0018000000e-03
1.7370000000e+05 1.2653000000e-03
1.7380000000e+05 6.5935000000e-03
1.7390000000e+05 7.0697000000e-03
1.7400000000e+05 7.1225000000e-03
1.7410000000e+05 6.7224000000e-03
1.7420000000e+05 5.8199000000e-03
1.7430000000e+05 4.5633000000e-03
1.7440000000e+05 3.0411000000e-03
1.7450000000e+05 1.2565000000e-03
1.7460000000e+05 3.2659000000e-03
1.7470000000e+05 6.7398000000e-04
1.7480000000e+05 1.8510000000e-03
1.7490000000e+05 2.5351000000e-03
1.7500000000e+05 2.9103000000e-03
1.7510000000e+05 3.9355000000e-03
1.7520000000e+05 3.8310000000e-03
1.7530000000e+05 3.1693000000e-03
1.7540000000e+05 2.6594000000e-03
1.7550000000e+05 2.2225000000e-03
1.7560000000e+05 1.8262000000e-03
1.7570000000e+05 1.4555000000e-03
1.7580000000e+05 1.0516000000e-03
1.7590000000e+05 1.2147000000e-03
1.7600000000e+05 1.0998000000e-03
1.7610000000e+05 1.0027000000e-03
1.7620000000e+05 9.1999000000e-04
1.7630000000e+05 8.5230000000e-04
1.7640000000e+05 7.6913000000e-04
1.7650000000e+05 6.3472000000e-04
1.7660000000e+05 5.9495000000e-04
1.7670000000e+05 5.4408000000e-04
1.7680000000e+05 4.9344000000e-04
1.7690000000e+05 4.4449000000e-04
1.7700000000e+05 3.9840000000e-04
1.7710000000e+05 3.4672000000e-04
1.7720000000e+05 3.2387000000e-04
1.7730000000e+05 3.0216000000e-04
1.7740000000e+05 2.8410000000e-04
1.7750000000e+05 2.6824000000e-04
1.7760000000e+05 2.5348000000e-04
1.7770000000e+05 2.3747000000e-04
1.7780000000e+05 2.2385000000e-04
1.7790000000e+05 2.1167000000e-04
1.7800000000e+05 2.0094000000e-04
1.7810000000e+05 1.9182000000e-04
1.7820000000e+05 1.8312000000e-04
1.7830000000e+05 1.7533000000e-04
1.7840000000e+05 1.6823000000e-04
1.7850000000e+05 1.6192000000e-04
1.7860000000e+05 1.5589000000e-04
1.7870000000e+05 1.5054000000e-04
1.7880000000e+05 1.4508000000e-04
1.7890000000e+05 1.4248000000e-04
1.7900000000e+05 1.3979000000e-04
1.7910000000e+05 1.3737000000e-04
1.7920000000e+05 1.3488000000e-04
1.7930000000e+05 1.3268000000e-04
1.7940000000e+05 1.3042000000e-04
1.7950000000e+05 1.2816000000e-04
1.7960000000e+05 1.4402000000e-04
1.7970000000e+05 1.4880000000e-04
1.7980000000e+05 1.5001000000e-04
1.7990000000e+05 1.4938000000e-04
1.8000000000e+05 1.4852000000e-04
1.8010000000e+05 1.4685000000e-04
1.8020000000e+05 1.4619000000e-04
1.8030000000e+05 1.4295000000e-04
1.8040000000e+05 1.3688000000e-04
1.8050000000e+05 1.1873000000e-04
1.8060000000e+05 1.1942000000e-04
1.8070000000e+05 1.1994000000e-04
1.8080000000e+05 1.2018000000e-04
1.8090000000e+05 1.2081000000e-04
1.8100000000e+05 1.2112000000e-04
1.8110000000e+05 1.2181000000e-04
1.8120000000e+05 1.2218000000e-04
1.8130000000e+05 1.2269000000e-04
1.8140000000e+05 1.2285000000e-04
1.8150000000e+05 1.2283000000e-04
1.8160000000e+05 1.2308000000e-04
1.8170000000e+05 1.2329000000e-04
1.8180000000e+05 1.2330000000e-04
1.8190000000e+05 1.4164000000e-04
1.8200000000e+05 1.4855000000e-04
1.8210000000e+05 1.5145000000e-04
1.8220000000e+05 1.5174000000e-04
1.8230000000e+05 1.5072000000e-04
1.8240000000e+05 1.4903000000e-04
1.8250000000e+05 1.4577000000e-04
1.8260000000e+05 1.4146000000e-04
1.8270000000e+05 1.3543000000e-04
1.8280000000e+05 1.2883000000e-04
1.8290000000e+05 1.1896000000e-04
1.8300000000e+05 1.1776000000e-04
1.8310000000e+05 1.1625000000e-04
1.8320000000e+05 1.1445000000e-04
1.8330000000e+05 1.1297000000e-04
1.8340000000e+05 1.1149000000e-04
1.8350000000e+05 1.1004000000e-04
1.8360000000e+05 1.0856000000e-04
1.8370000000e+05 1.0711000000e-04
1.8380000000e+05 1.0565000000e-04
1.8390000000e+05 1.0392000000e-04
1.8400000000e+05 1.0165000000e-04
1.8410000000e+05 9.9368000000e-05
