# photband: WISE_RSR_W2
# source: SVO Filter Profile Service
# svo_id: WISE/WISE.W2
# detector_type: 0
# response_type: energy
# components: Filter + Instrument
# profile_reference: http://wise2.ipac.caltech.edu/docs/release/prelim/expsup/sec4_3g.html#WISEZMA
# wavelength_unit: Angstrom
# columns: wavelength transmission
3.8900000000e+04 1.0825000000e-04
3.9000000000e+04 1.5454000000e-04
3.9100000000e+04 2.2341000000e-04
3.9200000000e+04 4.1750000000e-04
3.9300000000e+04 5.6834000000e-04
3.9400000000e+04 4.4113000000e-04
3.9500000000e+04 1.3124000000e-03
3.9600000000e+04 9.2633000000e-03
3.9700000000e+04 1.1478000000e-02
3.9800000000e+04 1.4509000000e-02
3.9900000000e+04 1.8672000000e-02
4.0000000000e+04 2.4421000000e-02
4.0100000000e+04 3.4426000000e-02
4.0200000000e+04 5.0556000000e-02
4.0300000000e+04 7.5032000000e-02
4.0400000000e+04 1.1001000000e-01
4.0500000000e+04 1.5701000000e-01
4.0600000000e+04 2.2467000000e-01
4.0700000000e+04 3.0650000000e-01
4.0800000000e+04 3.9712000000e-01
4.0900000000e+04 4.9391000000e-01
4.1000000000e+04 5.8894000000e-01
4.1100000000e+04 6.7269000000e-01
4.1200000000e+04 7.4154000000e-01
4.1300000000e+04 7.9761000000e-01
4.1400000000e+04 8.3857000000e-01
4.1500000000e+04 8.6313000000e-01
4.1600000000e+04 8.8066000000e-01
4.1700000000e+04 8.9111000000e-01
4.1800000000e+04 8.9564000000e-01
4.1900000000e+04 8.9539000000e-01
4.2000000000e+04 8.9392000000e-01
4.2100000000e+04 8.8884000000e-01
4.2200000000e+04 8.8251000000e-01
4.2300000000e+04 8.7614000000e-01
4.2400000000e+04 8.7700000000e-01
4.2500000000e+04 8.8028000000e-01
4.2600000000e+04 8.8114000000e-01
4.2700000000e+04 8.7832000000e-01
4.2800000000e+04 8.7794000000e-01
4.2900000000e+04 8.8121000000e-01
4.3000000000e+04 8.8818000000e-01
4.3100000000e+04 8.9517000000e-01
4.3200000000e+04 9.0219000000e-01
4.3300000000e+04 9.0675000000e-01
4.3400000000e+04 9.1008000000e-01
4.3500000000e+04 9.1094000000e-01
4.3600000000e+04 9.0805000000e-01
4.3700000000e+04 9.0514000000e-01
4.3800000000e+04 8.9970000000e-01
4.3900000000e+04 8.9172000000e-01
4.4000000000e+04 8.8495000000e-01
4.4100000000e+04 8.7940000000e-01
4.4200000000e+04 8.7382000000e-01
4.4300000000e+04 8.7074000000e-01
4.4400000000e+04 8.6636000000e-01
4.4500000000e+04 8.6450000000e-01
4.4600000000e+04 8.6517000000e-01
4.4700000000e+04 8.6966000000e-01
4.4800000000e+04 8.7800000000e-01
4.4900000000e+04 8.8894000000e-01
4.5000000000e+04 9.0121000000e-01
4.5100000000e+04 9.1610000000e-01
4.5200000000e+04 9.2846000000e-01
4.5300000000e+04 9.4216000000e-01
4.5400000000e+04 9.5332000000e-01
4.5500000000e+04 9.6192000000e-01
4.5600000000e+04 9.6924000000e-01
4.5700000000e+04 9.7398000000e-01
4.5800000000e+04 9.7742000000e-01
4.5900000000e+04 9.7693000000e-01
4.6000000000e+04 9.7512000000e-01
4.6100000000e+04 9.7197000000e-01
4.6200000000e+04 9.6616000000e-01
4.6300000000e+04 9.6031000000e-01
4.6400000000e+04 9.5311000000e-01
4.6500000000e+04 9.4586000000e-01
4.6600000000e+04 9.3858000000e-01
4.6700000000e+04 9.3525000000e-01
4.6800000000e+04 9.3191000000e-01
4.6900000000e+04 9.3122000000e-01
4.7000000000e+04 9.3052000000e-01
4.7100000000e+04 9.3385000000e-01
4.7200000000e+04 9.3853000000e-01
4.7300000000e+04 9.4457000000e-01
4.7400000000e+04 9.5469000000e-01
4.7500000000e+04 9.6213000000e-01
4.7600000000e+04 9.7232000000e-01
4.7700000000e+04 9.7981000000e-01
4.7800000000e+04 9.8596000000e-01
4.7900000000e+04 9.8802000000e-01
4.8000000000e+04 9.9009000000e-01
4.8100000000e+04 9.8940000000e-01
4.8200000000e+04 9.8870000000e-01
4.8300000000e+04 9.8938000000e-01
4.8400000000e+04 9.8866000000e-01
4.8500000000e+04 9.8932000000e-01
4.8600000000e+04 9.8997000000e-01
4.8700000000e+04 9.9061000000e-01
4.8800000000e+04 9.9265000000e-01
4.8900000000e+04 9.9468000000e-01
4.9000000000e+04 9.9671000000e-01
4.9100000000e+04 9.9735000000e-01
4.9200000000e+04 9.9938000000e-01
4.9300000000e+04 1.0000000000e+00
4.9400000000e+04 9.9921000000e-01
4.9500000000e+04 9.9699000000e-01
4.9600000000e+04 9.9475000000e-01
4.9700000000e+04 9.9108000000e-01
4.9800000000e+04 9.8596000000e-01
4.9900000000e+04 9.8081000000e-01
5.0000000000e+04 9.7135000000e-01
5.0100000000e+04 9.6327000000e-01
5.0200000000e+04 9.5228000000e-01
5.0300000000e+04 9.4125000000e-01
5.0400000000e+04 9.3016000000e-01
5.0500000000e+04 9.1902000000e-01
5.0600000000e+04 9.0783000000e-01
5.0700000000e+04 8.9659000000e-01
5.0800000000e+04 8.8675000000e-01
5.0900000000e+04 8.7686000000e-01
5.1000000000e+04 8.6693000000e-01
5.1100000000e+04 8.5403000000e-01
5.1200000000e+04 8.4107000000e-01
5.1300000000e+04 8.2073000000e-01
5.1400000000e+04 7.9883000000e-01
5.1500000000e+04 7.6361000000e-01
5.1600000000e+04 7.2676000000e-01
5.1700000000e+04 6.7647000000e-01
5.1800000000e+04 6.2007000000e-01
5.1900000000e+04 5.5602000000e-01
5.2000000000e+04 4.8564000000e-01
5.2100000000e+04 4.1662000000e-01
5.2200000000e+04 3.4717000000e-01
5.2300000000e+04 2.8359000000e-01
5.2400000000e+04 2.2560000000e-01
5.2500000000e+04 1.7504000000e-01
5.2600000000e+04 1.3546000000e-01
5.2700000000e+04 9.9248000000e-02
5.2800000000e+04 7.5935000000e-02
5.2900000000e+04 5.3213000000e-02
5.3000000000e+04 4.0746000000e-02
5.3100000000e+04 2.8307000000e-02
5.3200000000e+04 2.1081000000e-02
5.3300000000e+04 1.4697000000e-02
5.3400000000e+04 1.0435000000e-02
5.3500000000e+04 7.2372000000e-03
5.3600000000e+04 4.0457000000e-03
5.3700000000e+04 3.0484000000e-03
5.3800000000e+04 2.2763000000e-03
5.3900000000e+04 1.7339000000e-03
5.4000000000e+04 1.2893000000e-03
5.4100000000e+04 9.7294000000e-04
5.4200000000e+04 7.3876000000e-04
5.4300000000e+04 5.4885000000e-04
5.4400000000e+04 3.9102000000e-04
5.4500000000e+04 3.0953000000e-04
5.4600000000e+04 2.1542000000e-04
5.4700000000e+04 2.7863000000e-04
5.4800000000e+04 3.1531000000e-04
5.4900000000e+04 3.1353000000e-04
5.5000000000e+04 2.5926000000e-04
5.5100000000e+04 2.2510000000e-04
5.5200000000e+04 1.9539000000e-04
5.5300000000e+04 1.5012000000e-04
5.5400000000e+04 1.3333000000e-04
5.5500000000e+04 1.0424000000e-04
5.5600000000e+04 6.0519000000e-05
