# photband: ZTF_g
# source: SVO Filter Profile Service
# svo_id: Palomar/ZTF.g
# detector_type: 1
# response_type: photon
# components: Filter + CCD
# profile_reference: https://github.com/ZwickyTransientFacility/ztf_information/tree/master/filter_transmission
# wavelength_unit: Angstrom
# columns: wavelength transmission
3.6760000000e+03 3.6233402645e-03
3.6769865000e+03 3.4234112547e-03
3.6779730000e+03 3.7410752497e-03
3.6789595000e+03 3.6319242765e-03
3.6799460000e+03 3.7212559614e-03
3.6809325000e+03 3.2184601522e-03
3.6819190000e+03 3.0531488610e-03
3.6829055000e+03 3.7361203994e-03
3.6838919000e+03 3.6545317344e-03
3.6848784000e+03 3.2999780234e-03
3.6858649000e+03 3.3707377006e-03
3.6868514000e+03 3.3328854921e-03
3.6878379000e+03 3.2838840922e-03
3.6888244000e+03 3.2851334992e-03
3.6898109000e+03 3.2583338577e-03
3.6907974000e+03 3.3081841300e-03
3.6917839000e+03 3.1442411434e-03
3.6927704000e+03 3.0490793581e-03
3.6937569000e+03 3.0186509940e-03
3.6947434000e+03 2.9840370298e-03
3.6957299000e+03 2.9845636381e-03
3.6967164000e+03 3.0908564266e-03
3.6977029000e+03 3.5895771634e-03
3.6986893000e+03 3.5807544159e-03
3.6996758000e+03 3.4403393770e-03
3.7006623000e+03 3.5288010943e-03
3.7016488000e+03 3.4241809430e-03
3.7026353000e+03 3.5443544369e-03
3.7036218000e+03 3.3626812260e-03
3.7046083000e+03 3.3830522379e-03
3.7055948000e+03 3.4075509359e-03
3.7065813000e+03 3.1768580486e-03
3.7075678000e+03 3.1576891615e-03
3.7085543000e+03 3.2939731704e-03
3.7095408000e+03 3.1366027314e-03
3.7105273000e+03 3.0164892052e-03
3.7115138000e+03 3.0165590610e-03
3.7125003000e+03 3.1117004319e-03
3.7134867000e+03 3.2899279252e-03
3.7144732000e+03 3.4382474275e-03
3.7154597000e+03 3.3061373270e-03
3.7164462000e+03 3.2666031565e-03
3.7174327000e+03 3.2596493441e-03
3.7184192000e+03 3.7242365131e-03
3.7194057000e+03 3.5020049628e-03
3.7203922000e+03 3.3157631985e-03
3.7213787000e+03 3.5231049975e-03
3.7223652000e+03 3.3035311525e-03
3.7233517000e+03 2.8751025494e-03
3.7243382000e+03 3.1300485657e-03
3.7253247000e+03 2.9107057796e-03
3.7263112000e+03 3.1015947638e-03
3.7272976000e+03 3.1177519777e-03
3.7282841000e+03 3.0869613721e-03
3.7292706000e+03 3.2870222064e-03
3.7302571000e+03 3.4438905317e-03
3.7312436000e+03 3.4119737954e-03
3.7322301000e+03 3.3299546563e-03
3.7332166000e+03 3.1135897181e-03
3.7342031000e+03 3.6693346088e-03
3.7351896000e+03 3.3992383081e-03
3.7361761000e+03 3.0516335431e-03
3.7371626000e+03 2.9838827555e-03
3.7381491000e+03 3.3406814763e-03
3.7391356000e+03 3.2820924087e-03
3.7401221000e+03 2.6630974942e-03
3.7411086000e+03 3.2432721289e-03
3.7420950000e+03 3.2427139315e-03
3.7430815000e+03 2.8219496618e-03
3.7440680000e+03 3.2645631024e-03
3.7450545000e+03 2.9713633034e-03
3.7460410000e+03 3.1677616904e-03
3.7470275000e+03 2.7729753720e-03
3.7480140000e+03 3.4117832263e-03
3.7490005000e+03 3.1838340557e-03
3.7499870000e+03 2.9169777063e-03
3.7509735000e+03 3.1271740232e-03
3.7519600000e+03 3.4240239795e-03
3.7529465000e+03 3.1443454425e-03
3.7539330000e+03 3.0859733108e-03
3.7549195000e+03 2.8968069027e-03
3.7559060000e+03 2.8602713643e-03
3.7568924000e+03 2.9700531478e-03
3.7578789000e+03 3.0470362204e-03
3.7588654000e+03 2.4118850099e-03
3.7598519000e+03 2.8314924624e-03
3.7608384000e+03 2.8341286824e-03
3.7618249000e+03 2.8657104469e-03
3.7628114000e+03 2.8325219070e-03
3.7637979000e+03 2.9470815532e-03
3.7647844000e+03 2.8632365880e-03
3.7657709000e+03 2.8266315417e-03
3.7667574000e+03 2.7863160385e-03
3.7677439000e+03 2.9438163198e-03
3.7687304000e+03 3.0087700923e-03
3.7697169000e+03 2.7632605431e-03
3.7707034000e+03 2.7013410979e-03
3.7716898000e+03 2.7026605601e-03
3.7726763000e+03 2.8214729059e-03
3.7736628000e+03 2.9747778203e-03
3.7746493000e+03 3.0789590334e-03
3.7756358000e+03 2.7260174582e-03
3.7766223000e+03 2.5593798210e-03
3.7776088000e+03 2.3312515604e-03
3.7785953000e+03 2.7664225834e-03
3.7795818000e+03 2.9948742740e-03
3.7805683000e+03 2.6128910443e-03
3.7815548000e+03 2.8553391153e-03
3.7825413000e+03 2.6381218726e-03
3.7835278000e+03 2.6924144253e-03
3.7845143000e+03 2.6998817601e-03
3.7855008000e+03 2.5515034651e-03
3.7864872000e+03 2.7554691512e-03
3.7874737000e+03 3.0243507993e-03
3.7884602000e+03 2.8414427037e-03
3.7894467000e+03 2.3383379527e-03
3.7904332000e+03 2.4214858737e-03
3.7914197000e+03 2.8020732723e-03
3.7924062000e+03 2.8314008617e-03
3.7933927000e+03 2.9502049723e-03
3.7943792000e+03 2.7980719727e-03
3.7953657000e+03 2.7268937479e-03
3.7963522000e+03 2.8053116931e-03
3.7973387000e+03 2.6395439961e-03
3.7983252000e+03 2.5296307800e-03
3.7993117000e+03 2.6806728421e-03
3.8002981000e+03 2.5258328028e-03
3.8012846000e+03 2.6350272228e-03
3.8022711000e+03 2.7358142536e-03
3.8032576000e+03 2.9246609162e-03
3.8042441000e+03 2.7434022577e-03
3.8052306000e+03 2.8567127654e-03
3.8062171000e+03 2.7748111612e-03
3.8072036000e+03 2.2460975676e-03
3.8081901000e+03 2.6230270267e-03
3.8091766000e+03 2.5299873560e-03
3.8101631000e+03 2.4413616012e-03
3.8111496000e+03 2.4847239764e-03
3.8121361000e+03 2.3660186065e-03
3.8131226000e+03 2.2823597715e-03
3.8141091000e+03 2.6426997553e-03
3.8150955000e+03 2.5537309869e-03
3.8160820000e+03 2.5910351587e-03
3.8170685000e+03 2.2616958357e-03
3.8180550000e+03 2.8380757964e-03
3.8190415000e+03 2.6998420494e-03
3.8200280000e+03 2.4804262187e-03
3.8210145000e+03 2.7144601521e-03
3.8220010000e+03 2.1531452823e-03
3.8229875000e+03 2.1485593462e-03
3.8239740000e+03 2.3918442197e-03
3.8249605000e+03 2.6705715073e-03
3.8259470000e+03 2.3244530927e-03
3.8269335000e+03 2.4248333198e-03
3.8279200000e+03 2.4895519221e-03
3.8289065000e+03 2.1174655672e-03
3.8298929000e+03 2.0873850918e-03
3.8308794000e+03 2.3360662679e-03
3.8318659000e+03 2.4197362197e-03
3.8328524000e+03 2.3400850571e-03
3.8338389000e+03 2.5942507318e-03
3.8348254000e+03 2.2302409970e-03
3.8358119000e+03 2.6769390547e-03
3.8367984000e+03 2.5241835099e-03
3.8377849000e+03 2.4122246130e-03
3.8387714000e+03 2.4066515595e-03
3.8397579000e+03 2.3295399594e-03
3.8407444000e+03 2.2588626720e-03
3.8417309000e+03 2.1237032109e-03
3.8427174000e+03 2.3882249232e-03
3.8437039000e+03 2.4852824432e-03
3.8446903000e+03 2.7350002022e-03
3.8456768000e+03 2.3092831807e-03
3.8466633000e+03 2.3015272418e-03
3.8476498000e+03 2.1575464906e-03
3.8486363000e+03 2.2083470964e-03
3.8496228000e+03 2.3340771754e-03
3.8506093000e+03 2.3914351794e-03
3.8515958000e+03 2.3421593871e-03
3.8525823000e+03 2.3290311415e-03
3.8535688000e+03 2.2064664522e-03
3.8545553000e+03 2.2510297656e-03
3.8555418000e+03 2.2024928860e-03
3.8565283000e+03 2.2753747096e-03
3.8575148000e+03 2.3907385985e-03
3.8585013000e+03 2.1733051846e-03
3.8594877000e+03 2.0450168033e-03
3.8604742000e+03 2.0495525466e-03
3.8614607000e+03 2.1738400104e-03
3.8624472000e+03 2.2380478722e-03
3.8634337000e+03 2.2750070886e-03
3.8644202000e+03 2.1934756368e-03
3.8654067000e+03 2.1093585939e-03
3.8663932000e+03 2.2687182766e-03
3.8673797000e+03 2.1249198669e-03
3.8683662000e+03 2.2692032470e-03
3.8693527000e+03 2.3724029893e-03
3.8703392000e+03 2.3205165801e-03
3.8713257000e+03 2.2428106489e-03
3.8723122000e+03 2.3019595583e-03
3.8732986000e+03 2.2643255526e-03
3.8742851000e+03 2.3514644339e-03
3.8752716000e+03 2.3297620302e-03
3.8762581000e+03 2.2169964748e-03
3.8772446000e+03 2.2117156092e-03
3.8782311000e+03 2.1730085417e-03
3.8792176000e+03 2.2302786655e-03
3.8802041000e+03 1.9178097643e-03
3.8811906000e+03 2.1541712230e-03
3.8821771000e+03 2.0464030265e-03
3.8831636000e+03 2.3177741996e-03
3.8841501000e+03 2.1313095902e-03
3.8851366000e+03 2.1448183101e-03
3.8861231000e+03 2.1169279770e-03
3.8871096000e+03 2.2149963451e-03
3.8880960000e+03 2.3057024072e-03
3.8890825000e+03 2.3338216158e-03
3.8900690000e+03 2.0201597943e-03
3.8910555000e+03 2.2468100788e-03
3.8920420000e+03 1.9816763991e-03
3.8930285000e+03 2.3089409280e-03
3.8940150000e+03 1.8248487370e-03
3.8950015000e+03 2.2164017071e-03
3.8959880000e+03 2.0083621774e-03
3.8969745000e+03 2.1354877522e-03
3.8979610000e+03 2.1108688215e-03
3.8989475000e+03 2.1098331774e-03
3.8999340000e+03 2.1588876468e-03
3.9009205000e+03 2.0327340376e-03
3.9019070000e+03 2.2154091464e-03
3.9028934000e+03 2.3057515956e-03
3.9038799000e+03 2.3060603235e-03
3.9048664000e+03 2.1902298584e-03
3.9058529000e+03 1.8798784571e-03
3.9068394000e+03 2.0126441185e-03
3.9078259000e+03 1.9834065639e-03
3.9088124000e+03 2.1421014436e-03
3.9097989000e+03 2.0265899497e-03
3.9107854000e+03 2.0840919421e-03
3.9117719000e+03 2.0687669116e-03
3.9127584000e+03 2.0814393239e-03
3.9137449000e+03 2.2291813104e-03
3.9147314000e+03 2.1166407816e-03
3.9157179000e+03 2.0192191282e-03
3.9167044000e+03 2.0300460089e-03
3.9176908000e+03 2.1315248893e-03
3.9186773000e+03 2.0600597384e-03
3.9196638000e+03 2.0253011803e-03
3.9206503000e+03 1.9786892983e-03
3.9216368000e+03 2.0186625270e-03
3.9226233000e+03 2.0177598078e-03
3.9236098000e+03 1.9917819336e-03
3.9245963000e+03 1.9455086873e-03
3.9255828000e+03 2.0668757022e-03
3.9265693000e+03 2.0846331468e-03
3.9275558000e+03 2.1231164081e-03
3.9285423000e+03 1.9514092539e-03
3.9295288000e+03 1.8506329924e-03
3.9305153000e+03 2.1675476356e-03
3.9315018000e+03 1.9920725898e-03
3.9324882000e+03 1.9026709443e-03
3.9334747000e+03 1.9398494630e-03
3.9344612000e+03 2.0096558724e-03
3.9354477000e+03 1.9478962422e-03
3.9364342000e+03 1.9850598735e-03
3.9374207000e+03 2.0382929248e-03
3.9384072000e+03 1.8899635888e-03
3.9393937000e+03 1.9326885984e-03
3.9403802000e+03 1.9148466551e-03
3.9413667000e+03 2.0069187946e-03
3.9423532000e+03 2.1660189100e-03
3.9433397000e+03 2.1136732713e-03
3.9443262000e+03 1.9627458810e-03
3.9453127000e+03 1.9869885327e-03
3.9462991000e+03 1.8758011927e-03
3.9472856000e+03 1.7684025603e-03
3.9482721000e+03 1.8432338344e-03
3.9492586000e+03 2.0995399346e-03
3.9502451000e+03 1.9586542073e-03
3.9512316000e+03 1.9213584452e-03
3.9522181000e+03 1.7014082416e-03
3.9532046000e+03 1.9746104651e-03
3.9541911000e+03 2.2099189440e-03
3.9551776000e+03 2.0145451496e-03
3.9561641000e+03 1.8931204347e-03
3.9571506000e+03 2.0327905386e-03
3.9581371000e+03 2.1645254268e-03
3.9591236000e+03 2.1086248384e-03
3.9601101000e+03 2.0780733873e-03
3.9610965000e+03 1.7143641908e-03
3.9620830000e+03 1.7932424016e-03
3.9630695000e+03 1.9843525497e-03
3.9640560000e+03 2.2684919748e-03
3.9650425000e+03 1.9936211755e-03
3.9660290000e+03 1.8637547056e-03
3.9670155000e+03 1.7028803472e-03
3.9680020000e+03 1.9904940458e-03
3.9689885000e+03 1.8596584893e-03
3.9699750000e+03 1.8727051602e-03
3.9709615000e+03 1.7147071877e-03
3.9719480000e+03 1.9757876961e-03
3.9729345000e+03 1.9127536384e-03
3.9739210000e+03 1.9134685826e-03
3.9749075000e+03 2.1565718516e-03
3.9758939000e+03 1.9772151974e-03
3.9768804000e+03 1.7729478102e-03
3.9778669000e+03 2.0419299171e-03
3.9788534000e+03 1.9510647879e-03
3.9798399000e+03 2.0049818637e-03
3.9808264000e+03 1.8958636225e-03
3.9818129000e+03 1.9551983378e-03
3.9827994000e+03 2.0597830233e-03
3.9837859000e+03 1.8192320849e-03
3.9847724000e+03 1.7935761778e-03
3.9857589000e+03 1.9427017473e-03
3.9867454000e+03 2.0538861815e-03
3.9877319000e+03 2.0557317180e-03
3.9887184000e+03 2.0534240550e-03
3.9897049000e+03 2.1408352501e-03
3.9906913000e+03 2.0077117479e-03
3.9916778000e+03 1.9643064663e-03
3.9926643000e+03 1.8762892555e-03
3.9936508000e+03 1.9981451540e-03
3.9946373000e+03 1.9426955420e-03
3.9956238000e+03 1.8916523469e-03
3.9966103000e+03 2.0804792787e-03
3.9975968000e+03 2.0239813016e-03
3.9985833000e+03 2.0933470340e-03
3.9995698000e+03 2.0581543556e-03
4.0005563000e+03 2.1904413601e-03
4.0015428000e+03 2.1045177291e-03
4.0025293000e+03 2.1281866732e-03
4.0035158000e+03 2.0907458972e-03
4.0045023000e+03 2.0869575817e-03
4.0054887000e+03 2.0597122984e-03
4.0064752000e+03 1.9183681218e-03
4.0074617000e+03 2.1274408551e-03
4.0084482000e+03 2.2379258700e-03
4.0094347000e+03 2.1520098506e-03
4.0104212000e+03 2.0781681819e-03
4.0114077000e+03 2.0720125841e-03
4.0123942000e+03 2.0973157223e-03
4.0133807000e+03 2.1415944479e-03
4.0143672000e+03 2.0415089509e-03
4.0153537000e+03 2.1038069183e-03
4.0163402000e+03 2.0918762022e-03
4.0173267000e+03 2.1483220517e-03
4.0183132000e+03 2.2748393635e-03
4.0192996000e+03 2.2462338000e-03
4.0202861000e+03 2.3029133152e-03
4.0212726000e+03 2.2109655940e-03
4.0222591000e+03 2.2896845146e-03
4.0232456000e+03 2.3498208840e-03
4.0242321000e+03 2.2738737605e-03
4.0252186000e+03 2.2405802288e-03
4.0262051000e+03 2.3269821880e-03
4.0271916000e+03 2.3652052807e-03
4.0281781000e+03 2.4081060137e-03
4.0291646000e+03 2.4991460809e-03
4.0301511000e+03 2.4162813436e-03
4.0311376000e+03 2.4255907113e-03
4.0321241000e+03 2.6244001418e-03
4.0331106000e+03 2.5474002487e-03
4.0340970000e+03 2.3323763098e-03
4.0350835000e+03 2.6210954702e-03
4.0360700000e+03 2.5820619342e-03
4.0370565000e+03 2.7456339089e-03
4.0380430000e+03 2.7741297639e-03
4.0390295000e+03 2.8597482408e-03
4.0400160000e+03 2.6537578939e-03
4.0410025000e+03 2.9299184924e-03
4.0419890000e+03 2.7971310969e-03
4.0429755000e+03 2.8490632799e-03
4.0439620000e+03 2.7464303226e-03
4.0449485000e+03 2.8362441827e-03
4.0459350000e+03 2.9586882101e-03
4.0469215000e+03 2.8432010068e-03
4.0479080000e+03 3.0026270129e-03
4.0488944000e+03 2.8971672259e-03
4.0498809000e+03 2.9382983525e-03
4.0508674000e+03 2.9312981785e-03
4.0518539000e+03 2.9411923517e-03
4.0528404000e+03 2.8673019089e-03
4.0538269000e+03 3.1484561408e-03
4.0548134000e+03 3.1344430549e-03
4.0557999000e+03 3.2051164089e-03
4.0567864000e+03 3.2060995921e-03
4.0577729000e+03 3.3300821028e-03
4.0587594000e+03 3.2115422285e-03
4.0597459000e+03 3.5652563776e-03
4.0607324000e+03 3.5593584047e-03
4.0617189000e+03 3.3034497077e-03
4.0627054000e+03 3.3217739629e-03
4.0636918000e+03 3.6099849047e-03
4.0646783000e+03 3.6108910277e-03
4.0656648000e+03 3.4885047790e-03
4.0666513000e+03 3.7282543293e-03
4.0676378000e+03 3.8630066560e-03
4.0686243000e+03 3.9774896444e-03
4.0696108000e+03 4.0564879790e-03
4.0705973000e+03 4.0802885325e-03
4.0715838000e+03 4.1767951499e-03
4.0725703000e+03 4.4502487595e-03
4.0735568000e+03 4.4633272290e-03
4.0745433000e+03 4.6385784455e-03
4.0755298000e+03 4.9070048500e-03
4.0765163000e+03 5.0799656262e-03
4.0775028000e+03 5.4088632188e-03
4.0784892000e+03 5.6646356983e-03
4.0794757000e+03 5.6036585877e-03
4.0804622000e+03 5.7514367939e-03
4.0814487000e+03 6.5319037391e-03
4.0824352000e+03 6.7120454265e-03
4.0834217000e+03 6.9831397874e-03
4.0844082000e+03 7.4254699643e-03
4.0853947000e+03 7.9235501919e-03
4.0863812000e+03 8.4576639043e-03
4.0873677000e+03 8.8248804145e-03
4.0883542000e+03 9.2211613182e-03
4.0893407000e+03 9.9357596004e-03
4.0903272000e+03 1.1287945362e-02
4.0913137000e+03 1.1942554520e-02
4.0923002000e+03 1.2906494074e-02
4.0932866000e+03 1.3604600101e-02
4.0942731000e+03 1.5648067987e-02
4.0952596000e+03 1.6843102158e-02
4.0962461000e+03 1.7932243632e-02
4.0972326000e+03 1.9604309980e-02
4.0982191000e+03 2.3028268965e-02
4.0992056000e+03 2.4457355783e-02
4.1001921000e+03 2.6112204905e-02
4.1011786000e+03 2.8089600348e-02
4.1021651000e+03 3.3045465902e-02
4.1031516000e+03 3.5681444442e-02
4.1041381000e+03 3.8641177613e-02
4.1051246000e+03 4.0733672018e-02
4.1061111000e+03 4.4303962107e-02
4.1070975000e+03 5.2046455344e-02
4.1080840000e+03 5.5635039397e-02
4.1090705000e+03 5.9497718897e-02
4.1100570000e+03 6.4387540869e-02
4.1110435000e+03 7.3444525623e-02
4.1120300000e+03 7.7833275962e-02
4.1130165000e+03 8.2550334750e-02
4.1140030000e+03 8.7395977025e-02
4.1149895000e+03 9.2603894400e-02
4.1159760000e+03 1.0332379095e-01
4.1169625000e+03 1.0972273350e-01
4.1179490000e+03 1.1499551270e-01
4.1189355000e+03 1.2019601180e-01
4.1199220000e+03 1.2588735685e-01
4.1209085000e+03 1.3986523674e-01
4.1218949000e+03 1.4507143716e-01
4.1228814000e+03 1.5087642504e-01
4.1238679000e+03 1.5782007682e-01
4.1248544000e+03 1.7272170911e-01
4.1258409000e+03 1.7903509391e-01
4.1268274000e+03 1.8695797826e-01
4.1278139000e+03 1.9503745339e-01
4.1288004000e+03 2.1187555072e-01
4.1297869000e+03 2.1935413301e-01
4.1307734000e+03 2.3008966691e-01
4.1317599000e+03 2.3976484970e-01
4.1327464000e+03 2.5970534704e-01
4.1337329000e+03 2.7205193601e-01
4.1347194000e+03 2.8314790052e-01
4.1357059000e+03 2.9717158919e-01
4.1366923000e+03 3.2398606498e-01
4.1376788000e+03 3.3656307520e-01
4.1386653000e+03 3.5106761144e-01
4.1396518000e+03 3.6716058078e-01
4.1406383000e+03 3.8071341228e-01
4.1416248000e+03 4.1313705138e-01
4.1426113000e+03 4.2926922994e-01
4.1435978000e+03 4.4589989630e-01
4.1445843000e+03 4.6155998622e-01
4.1455708000e+03 4.9527493155e-01
4.1465573000e+03 5.1192613865e-01
4.1475438000e+03 5.2713372761e-01
4.1485303000e+03 5.4171885371e-01
4.1495168000e+03 5.7393268464e-01
4.1505033000e+03 5.8914248159e-01
4.1514897000e+03 6.0514886566e-01
4.1524762000e+03 6.1889350157e-01
4.1534627000e+03 6.4619922040e-01
4.1544492000e+03 6.5696373440e-01
4.1554357000e+03 6.6619440666e-01
4.1564222000e+03 6.7673418066e-01
4.1574087000e+03 6.9563554733e-01
4.1583952000e+03 7.0391360291e-01
4.1593817000e+03 7.1073185019e-01
4.1603682000e+03 7.1903567874e-01
4.1613547000e+03 7.3232188765e-01
4.1623412000e+03 7.3631436565e-01
4.1633277000e+03 7.4021516873e-01
4.1643142000e+03 7.4337139279e-01
4.1653007000e+03 7.5039434515e-01
4.1662871000e+03 7.4953299284e-01
4.1672736000e+03 7.5090041131e-01
4.1682601000e+03 7.5181737512e-01
4.1692466000e+03 7.5753156880e-01
4.1702331000e+03 7.5952587078e-01
4.1712196000e+03 7.5761616383e-01
4.1722061000e+03 7.6028643037e-01
4.1731926000e+03 7.5973951421e-01
4.1741791000e+03 7.5721271470e-01
4.1751656000e+03 7.5624719813e-01
4.1761521000e+03 7.5947033121e-01
4.1771386000e+03 7.5810549028e-01
4.1781251000e+03 7.5933390152e-01
4.1791116000e+03 7.5976023141e-01
4.1800980000e+03 7.6030644644e-01
4.1810845000e+03 7.6064904365e-01
4.1820710000e+03 7.6232244180e-01
4.1830575000e+03 7.6221871636e-01
4.1840440000e+03 7.6134385716e-01
4.1850305000e+03 7.6676802503e-01
4.1860170000e+03 7.6698059284e-01
4.1870035000e+03 7.6975963518e-01
4.1879900000e+03 7.7104525024e-01
4.1889765000e+03 7.7343239280e-01
4.1899630000e+03 7.7449531957e-01
4.1909495000e+03 7.8081876104e-01
4.1919360000e+03 7.8492008461e-01
4.1929225000e+03 7.8555313265e-01
4.1939090000e+03 7.8812573906e-01
4.1948954000e+03 7.9343680278e-01
4.1958819000e+03 7.9763739499e-01
4.1968684000e+03 7.9666425352e-01
4.1978549000e+03 8.0307073050e-01
4.1988414000e+03 8.0848246650e-01
4.1998279000e+03 8.1187287893e-01
4.2008144000e+03 8.1665472079e-01
4.2018009000e+03 8.1720586281e-01
4.2027874000e+03 8.2568665978e-01
4.2037739000e+03 8.2963163323e-01
4.2047604000e+03 8.2999767104e-01
4.2057469000e+03 8.3246635234e-01
4.2067334000e+03 8.3684395358e-01
4.2077199000e+03 8.3744593433e-01
4.2087064000e+03 8.3894412780e-01
4.2096928000e+03 8.3952462959e-01
4.2106793000e+03 8.4319436376e-01
4.2116658000e+03 8.4478733357e-01
4.2126523000e+03 8.4340179861e-01
4.2136388000e+03 8.4262770121e-01
4.2146253000e+03 8.4404573113e-01
4.2156118000e+03 8.4428851589e-01
4.2165983000e+03 8.4450872578e-01
4.2175848000e+03 8.4395150394e-01
4.2185713000e+03 8.4224535135e-01
4.2195578000e+03 8.4033145722e-01
4.2205443000e+03 8.3908663183e-01
4.2215308000e+03 8.3728181212e-01
4.2225173000e+03 8.3545042683e-01
4.2235038000e+03 8.3689497889e-01
4.2244902000e+03 8.3076374636e-01
4.2254767000e+03 8.2939267395e-01
4.2264632000e+03 8.2735274005e-01
4.2274497000e+03 8.2589526759e-01
4.2284362000e+03 8.2528220230e-01
4.2294227000e+03 8.2117353714e-01
4.2304092000e+03 8.1803622678e-01
4.2313957000e+03 8.1696778149e-01
4.2323822000e+03 8.1416660382e-01
4.2333687000e+03 8.1291782168e-01
4.2343552000e+03 8.1024166814e-01
4.2353417000e+03 8.0957730907e-01
4.2363282000e+03 8.0890687806e-01
4.2373147000e+03 8.0753722568e-01
4.2383012000e+03 8.0697711689e-01
4.2392876000e+03 8.0858212597e-01
4.2402741000e+03 8.0568872529e-01
4.2412606000e+03 8.0226532684e-01
4.2422471000e+03 8.0319981087e-01
4.2432336000e+03 8.0282034825e-01
4.2442201000e+03 8.0412233003e-01
4.2452066000e+03 8.0636752702e-01
4.2461931000e+03 8.0579552535e-01
4.2471796000e+03 8.0524634171e-01
4.2481661000e+03 8.0712610219e-01
4.2491526000e+03 8.0650488328e-01
4.2501391000e+03 8.0818502263e-01
4.2511256000e+03 8.0970989929e-01
4.2521121000e+03 8.1105701979e-01
4.2530985000e+03 8.1240773098e-01
4.2540850000e+03 8.1131840372e-01
4.2550715000e+03 8.1285087693e-01
4.2560580000e+03 8.1193134446e-01
4.2570445000e+03 8.1480203629e-01
4.2580310000e+03 8.0993514110e-01
4.2590175000e+03 8.1116644886e-01
4.2600040000e+03 8.1461644430e-01
4.2609905000e+03 8.1391251762e-01
4.2619770000e+03 8.0850372013e-01
4.2629635000e+03 8.1618766247e-01
4.2639500000e+03 8.1425394177e-01
4.2649365000e+03 8.1633329748e-01
4.2659230000e+03 8.1594894418e-01
4.2669095000e+03 8.1770697444e-01
4.2678959000e+03 8.1864592811e-01
4.2688824000e+03 8.1553577883e-01
4.2698689000e+03 8.2102746332e-01
4.2708554000e+03 8.1643249844e-01
4.2718419000e+03 8.1890566714e-01
4.2728284000e+03 8.1837135857e-01
4.2738149000e+03 8.1761742472e-01
4.2748014000e+03 8.1610073738e-01
4.2757879000e+03 8.1733136548e-01
4.2767744000e+03 8.1979834733e-01
4.2777609000e+03 8.1853402749e-01
4.2787474000e+03 8.1726589793e-01
4.2797339000e+03 8.1910810571e-01
4.2807204000e+03 8.1622985694e-01
4.2817069000e+03 8.1722901394e-01
4.2826933000e+03 8.1794887787e-01
4.2836798000e+03 8.2007950733e-01
4.2846663000e+03 8.1795162279e-01
4.2856528000e+03 8.1827183249e-01
4.2866393000e+03 8.2009361529e-01
4.2876258000e+03 8.2005441885e-01
4.2886123000e+03 8.2044733283e-01
4.2895988000e+03 8.2010538080e-01
4.2905853000e+03 8.2084576486e-01
4.2915718000e+03 8.2219512316e-01
4.2925583000e+03 8.2365076435e-01
4.2935448000e+03 8.2258938439e-01
4.2945313000e+03 8.2535172914e-01
4.2955178000e+03 8.2537976391e-01
4.2965043000e+03 8.2392043184e-01
4.2974907000e+03 8.2606552724e-01
4.2984772000e+03 8.2903384078e-01
4.2994637000e+03 8.2873592445e-01
4.3004502000e+03 8.2697740347e-01
4.3014367000e+03 8.2896061722e-01
4.3024232000e+03 8.2924351852e-01
4.3034097000e+03 8.3033829005e-01
4.3043962000e+03 8.3234574000e-01
4.3053827000e+03 8.3479973417e-01
4.3063692000e+03 8.3196059382e-01
4.3073557000e+03 8.3384539977e-01
4.3083422000e+03 8.3642850411e-01
4.3093287000e+03 8.3817412659e-01
4.3103152000e+03 8.3836222161e-01
4.3113017000e+03 8.3998896213e-01
4.3122881000e+03 8.4050747181e-01
4.3132746000e+03 8.4056292777e-01
4.3142611000e+03 8.4247438902e-01
4.3152476000e+03 8.4066936315e-01
4.3162341000e+03 8.4214403316e-01
4.3172206000e+03 8.4318046725e-01
4.3182071000e+03 8.4140539292e-01
4.3191936000e+03 8.4559435558e-01
4.3201801000e+03 8.4592950834e-01
4.3211666000e+03 8.4593381377e-01
4.3221531000e+03 8.4860710727e-01
4.3231396000e+03 8.4737124735e-01
4.3241261000e+03 8.4848165026e-01
4.3251126000e+03 8.4513566722e-01
4.3260990000e+03 8.4795437589e-01
4.3270855000e+03 8.5019682208e-01
4.3280720000e+03 8.5127748710e-01
4.3290585000e+03 8.4900800036e-01
4.3300450000e+03 8.4959762220e-01
4.3310315000e+03 8.5173310807e-01
4.3320180000e+03 8.4806707574e-01
4.3330045000e+03 8.5097052845e-01
4.3339910000e+03 8.4988285067e-01
4.3349775000e+03 8.4989462414e-01
4.3359640000e+03 8.5281312852e-01
4.3369505000e+03 8.4872287636e-01
4.3379370000e+03 8.5308073534e-01
4.3389235000e+03 8.5211930054e-01
4.3399100000e+03 8.5064254845e-01
4.3408964000e+03 8.5164679345e-01
4.3418829000e+03 8.4970292364e-01
4.3428694000e+03 8.4558141793e-01
4.3438559000e+03 8.4803561581e-01
4.3448424000e+03 8.5034660735e-01
4.3458289000e+03 8.5243808903e-01
4.3468154000e+03 8.5106471429e-01
4.3478019000e+03 8.5098725886e-01
4.3487884000e+03 8.5066795282e-01
4.3497749000e+03 8.5015802469e-01
4.3507614000e+03 8.4930865005e-01
4.3517479000e+03 8.5317450282e-01
4.3527344000e+03 8.5046199343e-01
4.3537209000e+03 8.5101795669e-01
4.3547074000e+03 8.5202456139e-01
4.3556938000e+03 8.5243889779e-01
4.3566803000e+03 8.5331870840e-01
4.3576668000e+03 8.5071107998e-01
4.3586533000e+03 8.4949187894e-01
4.3596398000e+03 8.4805487270e-01
4.3606263000e+03 8.4933037155e-01
4.3616128000e+03 8.5023839342e-01
4.3625993000e+03 8.4863678652e-01
4.3635858000e+03 8.4874040678e-01
4.3645723000e+03 8.4702913695e-01
4.3655588000e+03 8.4695132995e-01
4.3665453000e+03 8.4553068180e-01
4.3675318000e+03 8.4586182558e-01
4.3685183000e+03 8.4434149237e-01
4.3695048000e+03 8.4441395757e-01
4.3704912000e+03 8.4312441767e-01
4.3714777000e+03 8.4075309139e-01
4.3724642000e+03 8.4105638587e-01
4.3734507000e+03 8.3581424320e-01
4.3744372000e+03 8.3512398682e-01
4.3754237000e+03 8.3490126890e-01
4.3764102000e+03 8.3349586039e-01
4.3773967000e+03 8.3295185159e-01
4.3783832000e+03 8.2912217334e-01
4.3793697000e+03 8.2734745715e-01
4.3803562000e+03 8.2510468191e-01
4.3813427000e+03 8.2320184388e-01
4.3823292000e+03 8.2241223095e-01
4.3833157000e+03 8.2191633966e-01
4.3843022000e+03 8.1856063288e-01
4.3852886000e+03 8.1699906424e-01
4.3862751000e+03 8.1784667567e-01
4.3872616000e+03 8.1350106550e-01
4.3882481000e+03 8.1125502785e-01
4.3892346000e+03 8.0984980526e-01
4.3902211000e+03 8.1003740729e-01
4.3912076000e+03 8.0984099154e-01
4.3921941000e+03 8.0501909771e-01
4.3931806000e+03 8.0240193993e-01
4.3941671000e+03 8.0376901330e-01
4.3951536000e+03 7.9963640076e-01
4.3961401000e+03 7.9769238009e-01
4.3971266000e+03 7.9239235918e-01
4.3981131000e+03 7.9571411302e-01
4.3990995000e+03 7.9579541345e-01
4.4000860000e+03 7.9334547636e-01
4.4010725000e+03 7.9182495168e-01
4.4020590000e+03 7.9385523736e-01
4.4030455000e+03 7.9234154369e-01
4.4040320000e+03 7.8872027284e-01
4.4050185000e+03 7.8949290567e-01
4.4060050000e+03 7.9325295812e-01
4.4069915000e+03 7.8577943005e-01
4.4079780000e+03 7.8460645175e-01
4.4089645000e+03 7.8329318026e-01
4.4099510000e+03 7.8822115532e-01
4.4109375000e+03 7.8946538496e-01
4.4119240000e+03 7.9460893471e-01
4.4129105000e+03 7.9198186005e-01
4.4138969000e+03 7.9594065832e-01
4.4148834000e+03 7.8753908955e-01
4.4158699000e+03 7.9027242629e-01
4.4168564000e+03 7.8785402432e-01
4.4178429000e+03 7.9662953296e-01
4.4188294000e+03 8.0127980431e-01
4.4198159000e+03 7.9859891075e-01
4.4208024000e+03 7.9529149609e-01
4.4217889000e+03 8.0543286580e-01
4.4227754000e+03 8.0140673127e-01
4.4237619000e+03 8.0135230579e-01
4.4247484000e+03 8.0070596247e-01
4.4257349000e+03 7.9789459781e-01
4.4267214000e+03 8.0259267346e-01
4.4277079000e+03 8.0809065274e-01
4.4286943000e+03 8.0439064287e-01
4.4296808000e+03 8.1369199770e-01
4.4306673000e+03 8.0990924584e-01
4.4316538000e+03 8.0940616203e-01
4.4326403000e+03 8.1555761882e-01
4.4336268000e+03 8.2295933183e-01
4.4346133000e+03 8.2395337737e-01
4.4355998000e+03 8.2138792528e-01
4.4365863000e+03 8.2348795097e-01
4.4375728000e+03 8.2834916065e-01
4.4385593000e+03 8.2862467633e-01
4.4395458000e+03 8.2755292809e-01
4.4405323000e+03 8.3305717725e-01
4.4415188000e+03 8.3273472734e-01
4.4425053000e+03 8.3463158668e-01
4.4434917000e+03 8.3333945749e-01
4.4444782000e+03 8.3727032540e-01
4.4454647000e+03 8.3897135110e-01
4.4464512000e+03 8.3803130655e-01
4.4474377000e+03 8.3533680331e-01
4.4484242000e+03 8.3787291996e-01
4.4494107000e+03 8.4070861263e-01
4.4503972000e+03 8.4369502514e-01
4.4513837000e+03 8.4126643434e-01
4.4523702000e+03 8.4473782490e-01
4.4533567000e+03 8.4838674354e-01
4.4543432000e+03 8.4320619585e-01
4.4553297000e+03 8.4213746605e-01
4.4563162000e+03 8.4523213223e-01
4.4573027000e+03 8.4656353446e-01
4.4582891000e+03 8.4619573936e-01
4.4592756000e+03 8.4024354303e-01
4.4602621000e+03 8.4105420233e-01
4.4612486000e+03 8.4240128757e-01
4.4622351000e+03 8.4282743901e-01
4.4632216000e+03 8.4051451986e-01
4.4642081000e+03 8.3660780900e-01
4.4651946000e+03 8.3454798078e-01
4.4661811000e+03 8.4113979789e-01
4.4671676000e+03 8.4303807639e-01
4.4681541000e+03 8.3185967617e-01
4.4691406000e+03 8.3563736407e-01
4.4701271000e+03 8.3147924979e-01
4.4711136000e+03 8.3801729269e-01
4.4721001000e+03 8.3526779076e-01
4.4730865000e+03 8.3375189704e-01
4.4740730000e+03 8.3449674490e-01
4.4750595000e+03 8.2981230424e-01
4.4760460000e+03 8.2862352867e-01
4.4770325000e+03 8.2865978325e-01
4.4780190000e+03 8.3026350285e-01
4.4790055000e+03 8.2882835182e-01
4.4799920000e+03 8.2145462862e-01
4.4809785000e+03 8.2118213674e-01
4.4819650000e+03 8.2542636986e-01
4.4829515000e+03 8.1938075509e-01
4.4839380000e+03 8.2654764771e-01
4.4849245000e+03 8.1999274703e-01
4.4859110000e+03 8.1370499512e-01
4.4868974000e+03 8.1827589701e-01
4.4878839000e+03 8.2202965413e-01
4.4888704000e+03 8.1862479168e-01
4.4898569000e+03 8.1703403646e-01
4.4908434000e+03 8.1552038347e-01
4.4918299000e+03 8.1768315721e-01
4.4928164000e+03 8.1479952774e-01
4.4938029000e+03 8.1441877752e-01
4.4947894000e+03 8.1650532150e-01
4.4957759000e+03 8.1486683796e-01
4.4967624000e+03 8.1084953842e-01
4.4977489000e+03 8.1360654889e-01
4.4987354000e+03 8.1115847662e-01
4.4997219000e+03 8.1077293109e-01
4.5007084000e+03 8.1189628855e-01
4.5016948000e+03 8.1222311673e-01
4.5026813000e+03 8.1269988937e-01
4.5036678000e+03 8.1179897075e-01
4.5046543000e+03 8.1078730310e-01
4.5056408000e+03 8.1160495453e-01
4.5066273000e+03 8.1307547916e-01
4.5076138000e+03 8.0899163854e-01
4.5086003000e+03 8.0885004571e-01
4.5095868000e+03 8.0945897983e-01
4.5105733000e+03 8.1053383543e-01
4.5115598000e+03 8.1101758910e-01
4.5125463000e+03 8.0843724920e-01
4.5135328000e+03 8.0750632190e-01
4.5145193000e+03 8.0873763060e-01
4.5155058000e+03 8.0772318654e-01
4.5164922000e+03 8.0759996816e-01
4.5174787000e+03 8.0404389804e-01
4.5184652000e+03 8.0516805655e-01
4.5194517000e+03 8.1283059589e-01
4.5204382000e+03 8.1163676294e-01
4.5214247000e+03 8.0688744560e-01
4.5224112000e+03 8.0561432152e-01
4.5233977000e+03 8.1391668365e-01
4.5243842000e+03 8.1153736388e-01
4.5253707000e+03 8.1035896660e-01
4.5263572000e+03 8.0812854664e-01
4.5273437000e+03 8.1080389672e-01
4.5283302000e+03 8.0982585004e-01
4.5293167000e+03 8.0896061108e-01
4.5303032000e+03 8.0922116807e-01
4.5312896000e+03 8.1067430504e-01
4.5322761000e+03 8.1622773414e-01
4.5332626000e+03 8.0896890014e-01
4.5342491000e+03 8.1284023460e-01
4.5352356000e+03 8.1052376341e-01
4.5362221000e+03 8.1475306011e-01
4.5372086000e+03 8.1367085080e-01
4.5381951000e+03 8.1767886316e-01
4.5391816000e+03 8.1148491400e-01
4.5401681000e+03 8.1249350820e-01
4.5411546000e+03 8.1743079487e-01
4.5421411000e+03 8.0989151539e-01
4.5431276000e+03 8.1269177087e-01
4.5441141000e+03 8.1496829896e-01
4.5451006000e+03 8.1501077026e-01
4.5460870000e+03 8.1594866714e-01
4.5470735000e+03 8.1501569803e-01
4.5480600000e+03 8.1607398856e-01
4.5490465000e+03 8.2275951222e-01
4.5500330000e+03 8.2528912782e-01
4.5510195000e+03 8.1957344362e-01
4.5520060000e+03 8.1735558007e-01
4.5529925000e+03 8.2190581748e-01
4.5539790000e+03 8.1517517746e-01
4.5549655000e+03 8.2385167256e-01
4.5559520000e+03 8.1852903742e-01
4.5569385000e+03 8.2404923787e-01
4.5579250000e+03 8.1720363112e-01
4.5589115000e+03 8.1840003198e-01
4.5598979000e+03 8.2296359023e-01
4.5608844000e+03 8.2569213411e-01
4.5618709000e+03 8.2339133875e-01
4.5628574000e+03 8.2504514317e-01
4.5638439000e+03 8.2948580206e-01
4.5648304000e+03 8.2740241852e-01
4.5658169000e+03 8.2668078869e-01
4.5668034000e+03 8.2506232481e-01
4.5677899000e+03 8.3165994770e-01
4.5687764000e+03 8.3165911429e-01
4.5697629000e+03 8.2501392325e-01
4.5707494000e+03 8.2936250062e-01
4.5717359000e+03 8.3209926782e-01
4.5727224000e+03 8.3146198727e-01
4.5737089000e+03 8.3160368313e-01
4.5746953000e+03 8.3383881758e-01
4.5756818000e+03 8.3563271904e-01
4.5766683000e+03 8.3381217853e-01
4.5776548000e+03 8.3662692627e-01
4.5786413000e+03 8.3877935170e-01
4.5796278000e+03 8.4373755578e-01
4.5806143000e+03 8.3643845355e-01
4.5816008000e+03 8.3658675206e-01
4.5825873000e+03 8.3668162691e-01
4.5835738000e+03 8.3803301274e-01
4.5845603000e+03 8.3761795694e-01
4.5855468000e+03 8.3700418946e-01
4.5865333000e+03 8.4150991639e-01
4.5875198000e+03 8.4250046636e-01
4.5885063000e+03 8.3833152327e-01
4.5894927000e+03 8.4082613990e-01
4.5904792000e+03 8.4400589798e-01
4.5914657000e+03 8.4351331415e-01
4.5924522000e+03 8.4462801730e-01
4.5934387000e+03 8.4200825414e-01
4.5944252000e+03 8.4117472134e-01
4.5954117000e+03 8.4381241088e-01
4.5963982000e+03 8.4280433684e-01
4.5973847000e+03 8.4273679083e-01
4.5983712000e+03 8.4111914184e-01
4.5993577000e+03 8.4122976183e-01
4.6003442000e+03 8.3804647912e-01
4.6013307000e+03 8.3651290321e-01
4.6023172000e+03 8.3855889702e-01
4.6033037000e+03 8.3811481551e-01
4.6042901000e+03 8.4281508295e-01
4.6052766000e+03 8.4318088173e-01
4.6062631000e+03 8.3887968615e-01
4.6072496000e+03 8.3938628748e-01
4.6082361000e+03 8.4196903847e-01
4.6092226000e+03 8.4087759635e-01
4.6102091000e+03 8.3459661359e-01
4.6111956000e+03 8.3776563355e-01
4.6121821000e+03 8.3414711667e-01
4.6131686000e+03 8.3516751075e-01
4.6141551000e+03 8.3719581391e-01
4.6151416000e+03 8.3806103127e-01
4.6161281000e+03 8.3783203050e-01
4.6171146000e+03 8.3700358021e-01
4.6181011000e+03 8.2928302120e-01
4.6190875000e+03 8.3405081539e-01
4.6200740000e+03 8.3247452561e-01
4.6210605000e+03 8.3057820850e-01
4.6220470000e+03 8.2986011222e-01
4.6230335000e+03 8.3166208825e-01
4.6240200000e+03 8.3274172721e-01
4.6250065000e+03 8.3056598539e-01
4.6259930000e+03 8.3132298199e-01
4.6269795000e+03 8.2541744850e-01
4.6279660000e+03 8.2921043234e-01
4.6289525000e+03 8.2922241277e-01
4.6299390000e+03 8.2790008472e-01
4.6309255000e+03 8.2586894041e-01
4.6319120000e+03 8.2732873268e-01
4.6328984000e+03 8.3136168731e-01
4.6338849000e+03 8.2275818524e-01
4.6348714000e+03 8.2560467755e-01
4.6358579000e+03 8.2336513999e-01
4.6368444000e+03 8.2381186274e-01
4.6378309000e+03 8.2350267924e-01
4.6388174000e+03 8.2093068584e-01
4.6398039000e+03 8.2264959890e-01
4.6407904000e+03 8.2196401965e-01
4.6417769000e+03 8.2437545708e-01
4.6427634000e+03 8.2704082963e-01
4.6437499000e+03 8.2312639550e-01
4.6447364000e+03 8.2287383617e-01
4.6457229000e+03 8.2233995903e-01
4.6467094000e+03 8.2386358769e-01
4.6476958000e+03 8.2056669380e-01
4.6486823000e+03 8.2407746816e-01
4.6496688000e+03 8.2370137977e-01
4.6506553000e+03 8.1962515693e-01
4.6516418000e+03 8.2434242718e-01
4.6526283000e+03 8.2200717481e-01
4.6536148000e+03 8.2153914916e-01
4.6546013000e+03 8.2071851187e-01
4.6555878000e+03 8.2439032776e-01
4.6565743000e+03 8.2364586901e-01
4.6575608000e+03 8.2490317619e-01
4.6585473000e+03 8.2509140660e-01
4.6595338000e+03 8.2181009714e-01
4.6605203000e+03 8.2217495916e-01
4.6615068000e+03 8.2150806842e-01
4.6624932000e+03 8.2308736326e-01
4.6634797000e+03 8.2348554756e-01
4.6644662000e+03 8.2309687279e-01
4.6654527000e+03 8.2615399683e-01
4.6664392000e+03 8.2614208577e-01
4.6674257000e+03 8.2264602516e-01
4.6684122000e+03 8.2553876740e-01
4.6693987000e+03 8.2848674158e-01
4.6703852000e+03 8.2842117354e-01
4.6713717000e+03 8.2668798243e-01
4.6723582000e+03 8.2388499688e-01
4.6733447000e+03 8.2142609937e-01
4.6743312000e+03 8.2129158426e-01
4.6753177000e+03 8.2729352525e-01
4.6763042000e+03 8.2131215633e-01
4.6772906000e+03 8.2179309437e-01
4.6782771000e+03 8.2199846567e-01
4.6792636000e+03 8.2667438491e-01
4.6802501000e+03 8.2159161381e-01
4.6812366000e+03 8.1894522740e-01
4.6822231000e+03 8.2536086087e-01
4.6832096000e+03 8.2496720652e-01
4.6841961000e+03 8.2385645462e-01
4.6851826000e+03 8.2671760490e-01
4.6861691000e+03 8.2417698340e-01
4.6871556000e+03 8.2782925742e-01
4.6881421000e+03 8.2339630761e-01
4.6891286000e+03 8.2016888282e-01
4.6901151000e+03 8.1866248995e-01
4.6911016000e+03 8.2135948891e-01
4.6920880000e+03 8.2389071869e-01
4.6930745000e+03 8.1885972852e-01
4.6940610000e+03 8.2035298026e-01
4.6950475000e+03 8.2373129112e-01
4.6960340000e+03 8.1853456721e-01
4.6970205000e+03 8.2126721531e-01
4.6980070000e+03 8.1789577303e-01
4.6989935000e+03 8.1661273734e-01
4.6999800000e+03 8.1796857386e-01
4.7009665000e+03 8.1435044245e-01
4.7019530000e+03 8.1410906505e-01
4.7029395000e+03 8.1689860824e-01
4.7039260000e+03 8.1854402608e-01
4.7049125000e+03 8.1717305830e-01
4.7058989000e+03 8.1585603707e-01
4.7068854000e+03 8.1822549322e-01
4.7078719000e+03 8.1341465447e-01
4.7088584000e+03 8.1563796419e-01
4.7098449000e+03 8.1366434804e-01
4.7108314000e+03 8.1683437816e-01
4.7118179000e+03 8.1623950340e-01
4.7128044000e+03 8.1424991585e-01
4.7137909000e+03 8.1056067561e-01
4.7147774000e+03 8.1612030975e-01
4.7157639000e+03 8.1534310375e-01
4.7167504000e+03 8.1837332228e-01
4.7177369000e+03 8.1339371440e-01
4.7187234000e+03 8.1636332402e-01
4.7197099000e+03 8.2034619639e-01
4.7206963000e+03 8.1555336156e-01
4.7216828000e+03 8.1623667743e-01
4.7226693000e+03 8.1930954008e-01
4.7236558000e+03 8.1950468794e-01
4.7246423000e+03 8.1673967858e-01
4.7256288000e+03 8.2064424816e-01
4.7266153000e+03 8.2277261872e-01
4.7276018000e+03 8.2357516683e-01
4.7285883000e+03 8.2181404267e-01
4.7295748000e+03 8.1894821293e-01
4.7305613000e+03 8.2046191220e-01
4.7315478000e+03 8.2411706322e-01
4.7325343000e+03 8.2489326230e-01
4.7335208000e+03 8.2442885794e-01
4.7345073000e+03 8.2436857038e-01
4.7354937000e+03 8.2711731502e-01
4.7364802000e+03 8.2731719533e-01
4.7374667000e+03 8.2800606277e-01
4.7384532000e+03 8.2900691199e-01
4.7394397000e+03 8.3196789663e-01
4.7404262000e+03 8.3032285846e-01
4.7414127000e+03 8.3169258138e-01
4.7423992000e+03 8.3200241127e-01
4.7433857000e+03 8.3269725919e-01
4.7443722000e+03 8.3251528171e-01
4.7453587000e+03 8.3739783811e-01
4.7463452000e+03 8.3453884166e-01
4.7473317000e+03 8.3584965086e-01
4.7483182000e+03 8.3659461537e-01
4.7493047000e+03 8.3491757520e-01
4.7502911000e+03 8.3338761982e-01
4.7512776000e+03 8.3365137864e-01
4.7522641000e+03 8.3757854304e-01
4.7532506000e+03 8.3663569918e-01
4.7542371000e+03 8.3961202804e-01
4.7552236000e+03 8.3792329867e-01
4.7562101000e+03 8.4128586745e-01
4.7571966000e+03 8.3810942767e-01
4.7581831000e+03 8.3878773805e-01
4.7591696000e+03 8.3913454086e-01
4.7601561000e+03 8.3843083307e-01
4.7611426000e+03 8.3897423381e-01
4.7621291000e+03 8.4270534131e-01
4.7631156000e+03 8.4104882611e-01
4.7641021000e+03 8.4117315495e-01
4.7650885000e+03 8.3812660109e-01
4.7660750000e+03 8.3670604030e-01
4.7670615000e+03 8.4123357376e-01
4.7680480000e+03 8.3926120657e-01
4.7690345000e+03 8.4024478519e-01
4.7700210000e+03 8.3682494901e-01
4.7710075000e+03 8.3425948338e-01
4.7719940000e+03 8.3494257845e-01
4.7729805000e+03 8.3805840965e-01
4.7739670000e+03 8.3334603253e-01
4.7749535000e+03 8.3582781124e-01
4.7759400000e+03 8.3722829078e-01
4.7769265000e+03 8.3304797064e-01
4.7779130000e+03 8.3828987960e-01
4.7788994000e+03 8.3249384013e-01
4.7798859000e+03 8.3128878014e-01
4.7808724000e+03 8.2928890744e-01
4.7818589000e+03 8.3426308997e-01
4.7828454000e+03 8.2949230548e-01
4.7838319000e+03 8.3018386506e-01
4.7848184000e+03 8.2497260892e-01
4.7858049000e+03 8.2890082755e-01
4.7867914000e+03 8.2863385831e-01
4.7877779000e+03 8.2895281204e-01
4.7887644000e+03 8.2353314157e-01
4.7897509000e+03 8.2718809266e-01
4.7907374000e+03 8.2851279061e-01
4.7917239000e+03 8.2589824164e-01
4.7927104000e+03 8.2180692252e-01
4.7936968000e+03 8.2122002402e-01
4.7946833000e+03 8.2416094130e-01
4.7956698000e+03 8.2256206292e-01
4.7966563000e+03 8.1800977683e-01
4.7976428000e+03 8.1383782216e-01
4.7986293000e+03 8.1669742590e-01
4.7996158000e+03 8.1756755289e-01
4.8006023000e+03 8.1280520728e-01
4.8015888000e+03 8.1168936460e-01
4.8025753000e+03 8.1392974530e-01
4.8035618000e+03 8.1018425949e-01
4.8045483000e+03 8.0942235761e-01
4.8055348000e+03 8.1262234722e-01
4.8065213000e+03 8.1048353677e-01
4.8075078000e+03 8.0765043042e-01
4.8084942000e+03 8.0978533704e-01
4.8094807000e+03 8.1057840478e-01
4.8104672000e+03 8.0759135972e-01
4.8114537000e+03 8.0598278691e-01
4.8124402000e+03 8.0592356544e-01
4.8134267000e+03 8.0583262465e-01
4.8144132000e+03 8.0880880647e-01
4.8153997000e+03 8.0546642855e-01
4.8163862000e+03 8.0546289855e-01
4.8173727000e+03 8.0354873484e-01
4.8183592000e+03 8.0064860885e-01
4.8193457000e+03 8.0108298535e-01
4.8203322000e+03 8.0420307246e-01
4.8213187000e+03 8.0695551222e-01
4.8223052000e+03 8.0161281502e-01
4.8232916000e+03 8.0167558947e-01
4.8242781000e+03 7.9942626969e-01
4.8252646000e+03 7.9755416108e-01
4.8262511000e+03 8.0274298540e-01
4.8272376000e+03 8.0104795961e-01
4.8282241000e+03 7.9999332451e-01
4.8292106000e+03 8.0194758217e-01
4.8301971000e+03 7.9918855924e-01
4.8311836000e+03 8.0314668973e-01
4.8321701000e+03 7.9793113049e-01
4.8331566000e+03 7.9643676373e-01
4.8341431000e+03 8.0060168532e-01
4.8351296000e+03 8.0103955405e-01
4.8361161000e+03 8.0013297560e-01
4.8371026000e+03 8.0002550059e-01
4.8380890000e+03 8.0359361785e-01
4.8390755000e+03 8.0283902377e-01
4.8400620000e+03 7.9785645167e-01
4.8410485000e+03 7.9919914668e-01
4.8420350000e+03 8.0411265424e-01
4.8430215000e+03 7.9902113798e-01
4.8440080000e+03 8.0041721356e-01
4.8449945000e+03 8.0048967846e-01
4.8459810000e+03 8.0157938333e-01
4.8469675000e+03 8.0264982404e-01
4.8479540000e+03 8.0459266660e-01
4.8489405000e+03 8.0485501581e-01
4.8499270000e+03 8.0187198095e-01
4.8509135000e+03 8.0142246846e-01
4.8518999000e+03 8.0811690577e-01
4.8528864000e+03 8.0795372770e-01
4.8538729000e+03 8.0893870092e-01
4.8548594000e+03 8.1124938876e-01
4.8558459000e+03 8.0568475073e-01
4.8568324000e+03 8.0490437881e-01
4.8578189000e+03 8.0972347853e-01
4.8588054000e+03 8.0667770080e-01
4.8597919000e+03 8.0950418721e-01
4.8607784000e+03 8.1097168182e-01
4.8617649000e+03 8.0752915685e-01
4.8627514000e+03 8.1086299979e-01
4.8637379000e+03 8.0982049615e-01
4.8647244000e+03 8.1263201791e-01
4.8657109000e+03 8.1175078707e-01
4.8666973000e+03 8.1669083304e-01
4.8676838000e+03 8.1441158905e-01
4.8686703000e+03 8.1380031100e-01
4.8696568000e+03 8.1490434191e-01
4.8706433000e+03 8.1645868824e-01
4.8716298000e+03 8.1582883569e-01
4.8726163000e+03 8.1812242343e-01
4.8736028000e+03 8.1809914164e-01
4.8745893000e+03 8.1771002999e-01
4.8755758000e+03 8.1851563127e-01
4.8765623000e+03 8.1848414132e-01
4.8775488000e+03 8.2271547586e-01
4.8785353000e+03 8.2451229603e-01
4.8795218000e+03 8.2203370484e-01
4.8805083000e+03 8.1985891697e-01
4.8814947000e+03 8.1827972236e-01
4.8824812000e+03 8.2056107161e-01
4.8834677000e+03 8.2432559094e-01
4.8844542000e+03 8.2175366893e-01
4.8854407000e+03 8.2007024626e-01
4.8864272000e+03 8.2347247530e-01
4.8874137000e+03 8.2264980176e-01
4.8884002000e+03 8.2405046060e-01
4.8893867000e+03 8.2769109880e-01
4.8903732000e+03 8.2770945857e-01
4.8913597000e+03 8.2504884389e-01
4.8923462000e+03 8.2792882856e-01
4.8933327000e+03 8.2653500930e-01
4.8943192000e+03 8.2752719029e-01
4.8953057000e+03 8.3102785676e-01
4.8962921000e+03 8.2860343990e-01
4.8972786000e+03 8.2724712752e-01
4.8982651000e+03 8.2857127149e-01
4.8992516000e+03 8.2622154994e-01
4.9002381000e+03 8.2899483905e-01
4.9012246000e+03 8.3243123992e-01
4.9022111000e+03 8.2994339978e-01
4.9031976000e+03 8.3084160076e-01
4.9041841000e+03 8.3357267960e-01
4.9051706000e+03 8.2915962127e-01
4.9061571000e+03 8.2901939655e-01
4.9071436000e+03 8.2737224136e-01
4.9081301000e+03 8.2894953546e-01
4.9091166000e+03 8.2820496088e-01
4.9101031000e+03 8.2938400824e-01
4.9110895000e+03 8.2995115215e-01
4.9120760000e+03 8.3223016122e-01
4.9130625000e+03 8.3188908310e-01
4.9140490000e+03 8.3012086952e-01
4.9150355000e+03 8.3121801836e-01
4.9160220000e+03 8.2880695599e-01
4.9170085000e+03 8.3250006094e-01
4.9179950000e+03 8.2903531779e-01
4.9189815000e+03 8.2884918050e-01
4.9199680000e+03 8.2855091102e-01
4.9209545000e+03 8.2505993935e-01
4.9219410000e+03 8.2770342117e-01
4.9229275000e+03 8.2249272072e-01
4.9239140000e+03 8.2751072560e-01
4.9249005000e+03 8.3223281886e-01
4.9258869000e+03 8.3083586655e-01
4.9268734000e+03 8.2710202521e-01
4.9278599000e+03 8.2709942577e-01
4.9288464000e+03 8.2105138006e-01
4.9298329000e+03 8.2230833235e-01
4.9308194000e+03 8.2754557103e-01
4.9318059000e+03 8.2687987832e-01
4.9327924000e+03 8.2538912008e-01
4.9337789000e+03 8.2676094519e-01
4.9347654000e+03 8.2704403084e-01
4.9357519000e+03 8.2567248830e-01
4.9367384000e+03 8.2194255580e-01
4.9377249000e+03 8.2289098728e-01
4.9387114000e+03 8.2418944069e-01
4.9396978000e+03 8.2377458135e-01
4.9406843000e+03 8.2417722646e-01
4.9416708000e+03 8.2203632461e-01
4.9426573000e+03 8.2040083241e-01
4.9436438000e+03 8.2049726275e-01
4.9446303000e+03 8.1859484344e-01
4.9456168000e+03 8.2110062403e-01
4.9466033000e+03 8.2012344149e-01
4.9475898000e+03 8.2151243154e-01
4.9485763000e+03 8.2003090058e-01
4.9495628000e+03 8.2297587308e-01
4.9505493000e+03 8.2029348720e-01
4.9515358000e+03 8.1740651282e-01
4.9525223000e+03 8.2008230743e-01
4.9535088000e+03 8.1816081165e-01
4.9544952000e+03 8.1720770381e-01
4.9554817000e+03 8.1680684461e-01
4.9564682000e+03 8.1495541205e-01
4.9574547000e+03 8.1695537977e-01
4.9584412000e+03 8.1869757559e-01
4.9594277000e+03 8.1550284506e-01
4.9604142000e+03 8.1388453563e-01
4.9614007000e+03 8.1539042408e-01
4.9623872000e+03 8.1557630953e-01
4.9633737000e+03 8.1424208451e-01
4.9643602000e+03 8.1717363864e-01
4.9653467000e+03 8.1487694216e-01
4.9663332000e+03 8.1160830680e-01
4.9673197000e+03 8.1168031274e-01
4.9683062000e+03 8.1324154379e-01
4.9692926000e+03 8.1151329861e-01
4.9702791000e+03 8.1344373079e-01
4.9712656000e+03 8.1105025156e-01
4.9722521000e+03 8.0741580028e-01
4.9732386000e+03 8.0711092807e-01
4.9742251000e+03 8.1259355686e-01
4.9752116000e+03 8.0985339379e-01
4.9761981000e+03 8.1065471475e-01
4.9771846000e+03 8.0635080374e-01
4.9781711000e+03 8.0435135387e-01
4.9791576000e+03 8.0219014923e-01
4.9801441000e+03 8.0872751029e-01
4.9811306000e+03 8.0678963584e-01
4.9821171000e+03 8.0435494607e-01
4.9831036000e+03 8.0688556866e-01
4.9840900000e+03 8.0437612644e-01
4.9850765000e+03 8.0796546053e-01
4.9860630000e+03 8.0665327938e-01
4.9870495000e+03 8.0290135222e-01
4.9880360000e+03 8.0236319484e-01
4.9890225000e+03 8.0385761715e-01
4.9900090000e+03 8.0464499670e-01
4.9909955000e+03 8.0436396091e-01
4.9919820000e+03 7.9839062595e-01
4.9929685000e+03 8.0357089213e-01
4.9939550000e+03 8.0001701510e-01
4.9949415000e+03 7.9910798706e-01
4.9959280000e+03 8.0169602873e-01
4.9969145000e+03 7.9790563716e-01
4.9979010000e+03 8.0214605371e-01
4.9988874000e+03 8.0316544766e-01
4.9998739000e+03 8.0087011918e-01
5.0008604000e+03 8.0045704418e-01
5.0018469000e+03 7.9921743687e-01
5.0028334000e+03 8.0294733505e-01
5.0038199000e+03 7.9968327185e-01
5.0048064000e+03 7.9960932238e-01
5.0057929000e+03 8.0061342767e-01
5.0067794000e+03 8.0118319985e-01
5.0077659000e+03 8.0327940757e-01
5.0087524000e+03 7.9882515878e-01
5.0097389000e+03 7.9574437680e-01
5.0107254000e+03 8.0087707054e-01
5.0117119000e+03 7.9973735706e-01
5.0126983000e+03 7.9951453683e-01
5.0136848000e+03 8.0140497391e-01
5.0146713000e+03 7.9976350812e-01
5.0156578000e+03 7.9884718649e-01
5.0166443000e+03 8.0158878560e-01
5.0176308000e+03 8.0234931914e-01
5.0186173000e+03 8.0022953292e-01
5.0196038000e+03 8.0211768859e-01
5.0205903000e+03 8.0282411535e-01
5.0215768000e+03 8.0207529966e-01
5.0225633000e+03 8.0319203645e-01
5.0235498000e+03 8.0519719504e-01
5.0245363000e+03 8.0558499283e-01
5.0255228000e+03 8.0689254636e-01
5.0265093000e+03 8.0679324610e-01
5.0274957000e+03 8.0572782355e-01
5.0284822000e+03 8.0540775951e-01
5.0294687000e+03 8.0523334086e-01
5.0304552000e+03 8.0481193394e-01
5.0314417000e+03 8.0747721540e-01
5.0324282000e+03 8.0759385039e-01
5.0334147000e+03 8.0751006387e-01
5.0344012000e+03 8.0888026621e-01
5.0353877000e+03 8.0931387193e-01
5.0363742000e+03 8.0955536939e-01
5.0373607000e+03 8.0903633238e-01
5.0383472000e+03 8.0760121058e-01
5.0393337000e+03 8.0783258679e-01
5.0403202000e+03 8.1023149911e-01
5.0413067000e+03 8.1279960116e-01
5.0422931000e+03 8.1182140397e-01
5.0432796000e+03 8.0976758880e-01
5.0442661000e+03 8.0941324728e-01
5.0452526000e+03 8.1142439880e-01
5.0462391000e+03 8.1365340896e-01
5.0472256000e+03 8.1166639067e-01
5.0482121000e+03 8.1336403876e-01
5.0491986000e+03 8.1352538094e-01
5.0501851000e+03 8.1286223088e-01
5.0511716000e+03 8.1014370963e-01
5.0521581000e+03 8.1456918603e-01
5.0531446000e+03 8.1202041462e-01
5.0541311000e+03 8.1436130013e-01
5.0551176000e+03 8.1678820454e-01
5.0561041000e+03 8.1472112982e-01
5.0570905000e+03 8.1803813489e-01
5.0580770000e+03 8.1647355100e-01
5.0590635000e+03 8.1654486376e-01
5.0600500000e+03 8.1879545393e-01
5.0610365000e+03 8.1563348841e-01
5.0620230000e+03 8.1762809721e-01
5.0630095000e+03 8.1835533030e-01
5.0639960000e+03 8.1434939000e-01
5.0649825000e+03 8.1715339226e-01
5.0659690000e+03 8.1876768110e-01
5.0669555000e+03 8.2015202998e-01
5.0679420000e+03 8.2019167536e-01
5.0689285000e+03 8.2041862924e-01
5.0699150000e+03 8.1693991795e-01
5.0709015000e+03 8.1781892875e-01
5.0718879000e+03 8.1863032299e-01
5.0728744000e+03 8.2175303813e-01
5.0738609000e+03 8.1941512882e-01
5.0748474000e+03 8.1792763464e-01
5.0758339000e+03 8.1793650758e-01
5.0768204000e+03 8.2148814545e-01
5.0778069000e+03 8.2121857122e-01
5.0787934000e+03 8.1773413780e-01
5.0797799000e+03 8.2000749677e-01
5.0807664000e+03 8.1983740752e-01
5.0817529000e+03 8.1997824111e-01
5.0827394000e+03 8.1614256455e-01
5.0837259000e+03 8.1543474631e-01
5.0847124000e+03 8.1972182850e-01
5.0856988000e+03 8.1881878193e-01
5.0866853000e+03 8.1702718989e-01
5.0876718000e+03 8.1784655121e-01
5.0886583000e+03 8.1950712338e-01
5.0896448000e+03 8.1853814191e-01
5.0906313000e+03 8.1733305782e-01
5.0916178000e+03 8.1880803942e-01
5.0926043000e+03 8.1814561412e-01
5.0935908000e+03 8.1780418076e-01
5.0945773000e+03 8.1859630213e-01
5.0955638000e+03 8.1871244700e-01
5.0965503000e+03 8.1730515106e-01
5.0975368000e+03 8.1635616817e-01
5.0985233000e+03 8.1697125516e-01
5.0995098000e+03 8.1821671632e-01
5.1004962000e+03 8.1757084591e-01
5.1014827000e+03 8.1654607170e-01
5.1024692000e+03 8.1778506544e-01
5.1034557000e+03 8.1757241777e-01
5.1044422000e+03 8.1909128088e-01
5.1054287000e+03 8.1742682200e-01
5.1064152000e+03 8.1510436822e-01
5.1074017000e+03 8.1754599080e-01
5.1083882000e+03 8.1839685162e-01
5.1093747000e+03 8.1627442080e-01
5.1103612000e+03 8.1471707152e-01
5.1113477000e+03 8.1604349327e-01
5.1123342000e+03 8.1690358173e-01
5.1133207000e+03 8.1526380258e-01
5.1143072000e+03 8.1339054468e-01
5.1152936000e+03 8.1418381816e-01
5.1162801000e+03 8.1520440516e-01
5.1172666000e+03 8.1584315525e-01
5.1182531000e+03 8.1509932941e-01
5.1192396000e+03 8.1586978116e-01
5.1202261000e+03 8.1132031919e-01
5.1212126000e+03 8.1455972982e-01
5.1221991000e+03 8.1474939730e-01
5.1231856000e+03 8.1606889089e-01
5.1241721000e+03 8.1892009178e-01
5.1251586000e+03 8.1385081912e-01
5.1261451000e+03 8.1752734499e-01
5.1271316000e+03 8.1813487407e-01
5.1281181000e+03 8.1189258804e-01
5.1291046000e+03 8.1546988490e-01
5.1300910000e+03 8.1492567436e-01
5.1310775000e+03 8.1442717479e-01
5.1320640000e+03 8.1594203282e-01
5.1330505000e+03 8.1148260447e-01
5.1340370000e+03 8.1403425973e-01
5.1350235000e+03 8.1674665312e-01
5.1360100000e+03 8.1307090809e-01
5.1369965000e+03 8.1424723141e-01
5.1379830000e+03 8.1496146143e-01
5.1389695000e+03 8.1248033273e-01
5.1399560000e+03 8.1333968476e-01
5.1409425000e+03 8.1683287989e-01
5.1419290000e+03 8.1508165857e-01
5.1429155000e+03 8.1284752025e-01
5.1439020000e+03 8.1398513748e-01
5.1448884000e+03 8.1291001654e-01
5.1458749000e+03 8.1536560663e-01
5.1468614000e+03 8.1341698396e-01
5.1478479000e+03 8.1359842931e-01
5.1488344000e+03 8.1268535135e-01
5.1498209000e+03 8.1189801282e-01
5.1508074000e+03 8.1230644203e-01
5.1517939000e+03 8.1295278588e-01
5.1527804000e+03 8.0916577404e-01
5.1537669000e+03 8.1209490248e-01
5.1547534000e+03 8.1128944978e-01
5.1557399000e+03 8.1158994568e-01
5.1567264000e+03 8.1148383320e-01
5.1577129000e+03 8.1268800850e-01
5.1586993000e+03 8.1057687883e-01
5.1596858000e+03 8.1068628132e-01
5.1606723000e+03 8.1039145321e-01
5.1616588000e+03 8.1168624421e-01
5.1626453000e+03 8.1144468803e-01
5.1636318000e+03 8.1227220953e-01
5.1646183000e+03 8.0880512566e-01
5.1656048000e+03 8.1226329686e-01
5.1665913000e+03 8.0973271012e-01
5.1675778000e+03 8.0851557189e-01
5.1685643000e+03 8.0991214747e-01
5.1695508000e+03 8.0839118190e-01
5.1705373000e+03 8.0823140385e-01
5.1715238000e+03 8.1066477098e-01
5.1725103000e+03 8.0981417320e-01
5.1734967000e+03 8.1117182730e-01
5.1744832000e+03 8.0988889576e-01
5.1754697000e+03 8.0884615580e-01
5.1764562000e+03 8.1234246628e-01
5.1774427000e+03 8.1218237148e-01
5.1784292000e+03 8.0952452274e-01
5.1794157000e+03 8.1117375109e-01
5.1804022000e+03 8.0907921185e-01
5.1813887000e+03 8.0706887644e-01
5.1823752000e+03 8.1025826241e-01
5.1833617000e+03 8.0946946140e-01
5.1843482000e+03 8.0932715556e-01
5.1853347000e+03 8.0892129430e-01
5.1863212000e+03 8.1053612392e-01
5.1873077000e+03 8.0955130239e-01
5.1882941000e+03 8.0816650406e-01
5.1892806000e+03 8.0862336363e-01
5.1902671000e+03 8.1093379991e-01
5.1912536000e+03 8.0788957159e-01
5.1922401000e+03 8.1013235527e-01
5.1932266000e+03 8.0885596332e-01
5.1942131000e+03 8.0905401862e-01
5.1951996000e+03 8.1069788991e-01
5.1961861000e+03 8.0872628755e-01
5.1971726000e+03 8.0532016066e-01
5.1981591000e+03 8.0842492073e-01
5.1991456000e+03 8.1083792018e-01
5.2001321000e+03 8.0682536663e-01
5.2011186000e+03 8.1140201065e-01
5.2021051000e+03 8.0992927252e-01
5.2030915000e+03 8.1031912459e-01
5.2040780000e+03 8.1079816440e-01
5.2050645000e+03 8.1089588150e-01
5.2060510000e+03 8.0774951891e-01
5.2070375000e+03 8.0858287774e-01
5.2080240000e+03 8.0907721443e-01
5.2090105000e+03 8.0833913434e-01
5.2099970000e+03 8.0988686769e-01
5.2109835000e+03 8.1017266588e-01
5.2119700000e+03 8.0958398727e-01
5.2129565000e+03 8.1068168737e-01
5.2139430000e+03 8.0896487749e-01
5.2149295000e+03 8.1068332077e-01
5.2159160000e+03 8.1265261767e-01
5.2169025000e+03 8.1054641622e-01
5.2178889000e+03 8.0692703356e-01
5.2188754000e+03 8.0823073864e-01
5.2198619000e+03 8.1023512535e-01
5.2208484000e+03 8.1296382104e-01
5.2218349000e+03 8.1032111079e-01
5.2228214000e+03 8.1301564489e-01
5.2238079000e+03 8.1133483157e-01
5.2247944000e+03 8.1316294231e-01
5.2257809000e+03 8.0847426626e-01
5.2267674000e+03 8.1260520942e-01
5.2277539000e+03 8.1454296779e-01
5.2287404000e+03 8.1377412068e-01
5.2297269000e+03 8.1475008194e-01
5.2307134000e+03 8.1561124821e-01
5.2316998000e+03 8.1336524795e-01
5.2326863000e+03 8.1325146226e-01
5.2336728000e+03 8.1305895870e-01
5.2346593000e+03 8.1213043315e-01
5.2356458000e+03 8.1314340953e-01
5.2366323000e+03 8.1486851784e-01
5.2376188000e+03 8.1423812880e-01
5.2386053000e+03 8.1626858860e-01
5.2395918000e+03 8.1487369807e-01
5.2405783000e+03 8.1680536701e-01
5.2415648000e+03 8.1631401676e-01
5.2425513000e+03 8.1436294780e-01
5.2435378000e+03 8.1505351815e-01
5.2445243000e+03 8.1477709723e-01
5.2455108000e+03 8.1368220737e-01
5.2464972000e+03 8.1274093971e-01
5.2474837000e+03 8.1272616026e-01
5.2484702000e+03 8.1654007599e-01
5.2494567000e+03 8.1460260504e-01
5.2504432000e+03 8.1224212196e-01
5.2514297000e+03 8.1259293900e-01
5.2524162000e+03 8.1281590889e-01
5.2534027000e+03 8.1380301700e-01
5.2543892000e+03 8.1431318150e-01
5.2553757000e+03 8.1382591458e-01
5.2563622000e+03 8.1317788324e-01
5.2573487000e+03 8.1316844407e-01
5.2583352000e+03 8.1304529990e-01
5.2593217000e+03 8.1131803009e-01
5.2603082000e+03 8.1326309649e-01
5.2612946000e+03 8.1432830517e-01
5.2622811000e+03 8.1259057839e-01
5.2632676000e+03 8.1214172937e-01
5.2642541000e+03 8.1282172823e-01
5.2652406000e+03 8.1060877047e-01
5.2662271000e+03 8.1200035570e-01
5.2672136000e+03 8.1043680569e-01
5.2682001000e+03 8.1012831892e-01
5.2691866000e+03 8.1119976302e-01
5.2701731000e+03 8.1068108278e-01
5.2711596000e+03 8.0869472123e-01
5.2721461000e+03 8.0714660579e-01
5.2731326000e+03 8.0889854740e-01
5.2741191000e+03 8.0661999867e-01
5.2751056000e+03 8.0598842661e-01
5.2760920000e+03 8.0665263755e-01
5.2770785000e+03 8.0524004358e-01
5.2780650000e+03 8.0560429174e-01
5.2790515000e+03 8.0456966579e-01
5.2800380000e+03 8.0202822797e-01
5.2810245000e+03 8.0609794425e-01
5.2820110000e+03 8.0026179363e-01
5.2829975000e+03 8.0207752569e-01
5.2839840000e+03 8.0095225284e-01
5.2849705000e+03 8.0002864625e-01
5.2859570000e+03 7.9793348546e-01
5.2869435000e+03 8.0056357299e-01
5.2879300000e+03 7.9602248873e-01
5.2889165000e+03 8.0003597027e-01
5.2899030000e+03 8.0196056453e-01
5.2908894000e+03 7.9990490899e-01
5.2918759000e+03 7.9897939313e-01
5.2928624000e+03 7.9808871038e-01
5.2938489000e+03 7.9670663313e-01
5.2948354000e+03 7.9838003335e-01
5.2958219000e+03 7.9902054934e-01
5.2968084000e+03 7.9904086048e-01
5.2977949000e+03 7.9727238072e-01
5.2987814000e+03 7.9604885058e-01
5.2997679000e+03 7.9930301359e-01
5.3007544000e+03 7.9786795774e-01
5.3017409000e+03 7.9811555470e-01
5.3027274000e+03 7.9566278644e-01
5.3037139000e+03 7.9586243926e-01
5.3047004000e+03 7.9750475127e-01
5.3056868000e+03 7.9461301427e-01
5.3066733000e+03 7.9903573387e-01
5.3076598000e+03 7.9693809493e-01
5.3086463000e+03 7.9616392534e-01
5.3096328000e+03 7.9587013358e-01
5.3106193000e+03 7.9798449546e-01
5.3116058000e+03 7.9983278586e-01
5.3125923000e+03 7.9931097451e-01
5.3135788000e+03 7.9677838269e-01
5.3145653000e+03 7.9914801189e-01
5.3155518000e+03 7.9881605044e-01
5.3165383000e+03 7.9959730918e-01
5.3175248000e+03 7.9945225197e-01
5.3185113000e+03 8.0044847449e-01
5.3194977000e+03 7.9851199929e-01
5.3204842000e+03 7.9839745343e-01
5.3214707000e+03 8.0200002427e-01
5.3224572000e+03 8.0145301731e-01
5.3234437000e+03 8.0084428437e-01
5.3244302000e+03 8.0305040781e-01
5.3254167000e+03 8.0340543425e-01
5.3264032000e+03 8.0602988531e-01
5.3273897000e+03 8.0515980889e-01
5.3283762000e+03 8.0464892913e-01
5.3293627000e+03 8.0215209439e-01
5.3303492000e+03 8.0471580535e-01
5.3313357000e+03 8.0627465451e-01
5.3323222000e+03 8.0530666482e-01
5.3333087000e+03 8.0506872903e-01
5.3342951000e+03 8.0356672986e-01
5.3352816000e+03 8.0512917501e-01
5.3362681000e+03 8.0829022490e-01
5.3372546000e+03 8.0914374961e-01
5.3382411000e+03 8.0702202994e-01
5.3392276000e+03 8.0594111259e-01
5.3402141000e+03 8.0767961449e-01
5.3412006000e+03 8.1030107559e-01
5.3421871000e+03 8.0705838402e-01
5.3431736000e+03 8.0999643740e-01
5.3441601000e+03 8.0986224724e-01
5.3451466000e+03 8.0964228292e-01
5.3461331000e+03 8.0719074908e-01
5.3471196000e+03 8.0857643536e-01
5.3481061000e+03 8.1038859951e-01
5.3490925000e+03 8.0938772561e-01
5.3500790000e+03 8.1154278782e-01
5.3510655000e+03 8.0740812263e-01
5.3520520000e+03 8.1010685766e-01
5.3530385000e+03 8.0963286415e-01
5.3540250000e+03 8.0832740411e-01
5.3550115000e+03 8.0956928930e-01
5.3559980000e+03 8.0678246022e-01
5.3569845000e+03 8.0803894912e-01
5.3579710000e+03 8.1108878699e-01
5.3589575000e+03 8.0333396164e-01
5.3599440000e+03 8.0857454768e-01
5.3609305000e+03 8.0803590481e-01
5.3619170000e+03 8.0499913069e-01
5.3629035000e+03 8.0609254674e-01
5.3638899000e+03 8.0714721422e-01
5.3648764000e+03 8.0641936447e-01
5.3658629000e+03 8.0691802589e-01
5.3668494000e+03 8.0804590775e-01
5.3678359000e+03 8.0980821302e-01
5.3688224000e+03 8.0526974442e-01
5.3698089000e+03 8.0511093952e-01
5.3707954000e+03 8.0715035624e-01
5.3717819000e+03 8.0668127841e-01
5.3727684000e+03 8.0557221314e-01
5.3737549000e+03 8.0396633381e-01
5.3747414000e+03 8.0623590542e-01
5.3757279000e+03 8.0500395317e-01
5.3767144000e+03 8.0390332521e-01
5.3777009000e+03 8.0242484857e-01
5.3786873000e+03 8.0165162096e-01
5.3796738000e+03 8.0604974364e-01
5.3806603000e+03 8.0329537422e-01
5.3816468000e+03 8.0224683110e-01
5.3826333000e+03 8.0387454632e-01
5.3836198000e+03 8.0333541106e-01
5.3846063000e+03 8.0515271878e-01
5.3855928000e+03 8.0494780974e-01
5.3865793000e+03 8.0558654817e-01
5.3875658000e+03 8.0226573686e-01
5.3885523000e+03 8.0009820110e-01
5.3895388000e+03 8.0037918954e-01
5.3905253000e+03 8.0245543433e-01
5.3915118000e+03 8.0135903697e-01
5.3924982000e+03 8.0142103713e-01
5.3934847000e+03 8.0388994421e-01
5.3944712000e+03 8.0134947575e-01
5.3954577000e+03 8.0331883374e-01
5.3964442000e+03 8.0027329514e-01
5.3974307000e+03 7.9890092462e-01
5.3984172000e+03 7.9919490288e-01
5.3994037000e+03 7.9933657170e-01
5.4003902000e+03 7.9712389485e-01
5.4013767000e+03 7.9670601487e-01
5.4023632000e+03 7.9669229809e-01
5.4033497000e+03 7.9685512141e-01
5.4043362000e+03 7.9512589259e-01
5.4053227000e+03 7.9369031108e-01
5.4063092000e+03 7.9721687900e-01
5.4072956000e+03 7.9498896042e-01
5.4082821000e+03 7.9322475582e-01
5.4092686000e+03 7.9294287173e-01
5.4102551000e+03 7.9204613188e-01
5.4112416000e+03 7.9269353636e-01
5.4122281000e+03 7.9092370105e-01
5.4132146000e+03 7.9160074268e-01
5.4142011000e+03 7.8992357481e-01
5.4151876000e+03 7.8848921600e-01
5.4161741000e+03 7.8439045217e-01
5.4171606000e+03 7.8776107183e-01
5.4181471000e+03 7.8747784876e-01
5.4191336000e+03 7.8287917741e-01
5.4201201000e+03 7.8337240072e-01
5.4211066000e+03 7.8176399109e-01
5.4220930000e+03 7.8301915369e-01
5.4230795000e+03 7.8183076632e-01
5.4240660000e+03 7.7984822687e-01
5.4250525000e+03 7.7902513031e-01
5.4260390000e+03 7.7692228197e-01
5.4270255000e+03 7.7721119259e-01
5.4280120000e+03 7.7970616688e-01
5.4289985000e+03 7.7362079461e-01
5.4299850000e+03 7.7418732074e-01
5.4309715000e+03 7.7365403038e-01
5.4319580000e+03 7.7389341321e-01
5.4329445000e+03 7.6948956813e-01
5.4339310000e+03 7.6977626122e-01
5.4349175000e+03 7.6759717290e-01
5.4359040000e+03 7.6462003968e-01
5.4368904000e+03 7.6392850478e-01
5.4378769000e+03 7.6200870135e-01
5.4388634000e+03 7.6175167180e-01
5.4398499000e+03 7.5520986208e-01
5.4408364000e+03 7.5222950031e-01
5.4418229000e+03 7.4589969245e-01
5.4428094000e+03 7.4213583038e-01
5.4437959000e+03 7.3958015640e-01
5.4447824000e+03 7.3088381334e-01
5.4457689000e+03 7.2123915097e-01
5.4467554000e+03 7.1065441454e-01
5.4477419000e+03 7.0573775086e-01
5.4487284000e+03 6.9101203886e-01
5.4497149000e+03 6.8589636023e-01
5.4507014000e+03 6.6551087269e-01
5.4516878000e+03 6.5617993325e-01
5.4526743000e+03 6.3651401792e-01
5.4536608000e+03 6.2477818372e-01
5.4546473000e+03 5.9993557426e-01
5.4556338000e+03 5.8943538704e-01
5.4566203000e+03 5.7086735076e-01
5.4576068000e+03 5.4750053538e-01
5.4585933000e+03 5.3337015187e-01
5.4595798000e+03 5.0509580893e-01
5.4605663000e+03 4.8974401935e-01
5.4615528000e+03 4.5884295971e-01
5.4625393000e+03 4.4250315447e-01
5.4635258000e+03 4.1182685910e-01
5.4645123000e+03 3.9742511580e-01
5.4654987000e+03 3.6663817003e-01
5.4664852000e+03 3.5229557181e-01
5.4674717000e+03 3.2314123058e-01
5.4684582000e+03 3.0938452520e-01
5.4694447000e+03 2.8851242731e-01
5.4704312000e+03 2.7020329176e-01
5.4714177000e+03 2.5926028388e-01
5.4724042000e+03 2.3458610081e-01
5.4733907000e+03 2.2409233902e-01
5.4743772000e+03 2.0329687558e-01
5.4753637000e+03 1.9226656205e-01
5.4763502000e+03 1.7440024925e-01
5.4773367000e+03 1.6612668127e-01
5.4783232000e+03 1.4951544316e-01
5.4793097000e+03 1.4241912324e-01
5.4802961000e+03 1.2885977898e-01
5.4812826000e+03 1.2225552077e-01
5.4822691000e+03 1.1072398705e-01
5.4832556000e+03 1.0508381205e-01
5.4842421000e+03 9.6017635957e-02
5.4852286000e+03 8.9866125205e-02
5.4862151000e+03 8.5434903367e-02
5.4872016000e+03 7.7004306125e-02
5.4881881000e+03 7.3817459135e-02
5.4891746000e+03 6.6255186526e-02
5.4901611000e+03 6.3371988932e-02
5.4911476000e+03 5.7384909628e-02
5.4921341000e+03 5.4304185241e-02
5.4931206000e+03 5.0072802813e-02
5.4941071000e+03 4.7411480096e-02
5.4950935000e+03 4.3089858189e-02
5.4960800000e+03 4.1021499415e-02
5.4970665000e+03 3.7378579302e-02
5.4980530000e+03 3.5807409498e-02
5.4990395000e+03 3.2622653374e-02
5.5000260000e+03 3.1404982254e-02
5.5010125000e+03 2.8956628302e-02
5.5019990000e+03 2.6338110908e-02
5.5029855000e+03 2.5172117009e-02
5.5039720000e+03 2.4152066551e-02
5.5049585000e+03 2.1693928540e-02
5.5059450000e+03 2.1161434058e-02
5.5069315000e+03 1.9259370267e-02
5.5079180000e+03 1.8913434598e-02
5.5089045000e+03 1.7277850764e-02
5.5098909000e+03 1.6255312612e-02
5.5108774000e+03 1.5401446079e-02
5.5118639000e+03 1.4784093193e-02
5.5128504000e+03 1.3637733887e-02
5.5138369000e+03 1.3075374965e-02
5.5148234000e+03 1.2248750505e-02
5.5158099000e+03 1.1834066832e-02
5.5167964000e+03 1.0993942297e-02
5.5177829000e+03 1.0520353780e-02
5.5187694000e+03 9.7629229376e-03
5.5197559000e+03 9.4862020391e-03
5.5207424000e+03 8.8904599847e-03
5.5217289000e+03 8.4939345169e-03
5.5227154000e+03 8.0322487463e-03
5.5237019000e+03 7.6966943828e-03
5.5246883000e+03 7.3592583673e-03
5.5256748000e+03 6.9421741260e-03
5.5266613000e+03 6.5112027356e-03
5.5276478000e+03 6.3645709631e-03
5.5286343000e+03 6.0082576375e-03
5.5296208000e+03 5.8932579440e-03
5.5306073000e+03 5.6299481670e-03
5.5315938000e+03 5.4038339551e-03
5.5325803000e+03 5.0708409313e-03
5.5335668000e+03 4.8622455543e-03
5.5345533000e+03 4.6205038471e-03
5.5355398000e+03 4.6639496692e-03
5.5365263000e+03 4.3959875237e-03
5.5375128000e+03 4.1713720084e-03
5.5384992000e+03 3.8390508702e-03
5.5394857000e+03 3.8080266274e-03
5.5404722000e+03 3.6558014431e-03
5.5414587000e+03 3.6427203437e-03
5.5424452000e+03 3.4962884360e-03
5.5434317000e+03 3.4059949346e-03
5.5444182000e+03 3.1227429010e-03
5.5454047000e+03 3.1847534591e-03
5.5463912000e+03 3.0472585492e-03
5.5473777000e+03 2.9516743124e-03
5.5483642000e+03 2.8087040549e-03
5.5493507000e+03 2.6959959145e-03
5.5503372000e+03 2.6460245503e-03
5.5513237000e+03 2.5825545876e-03
5.5523102000e+03 2.3908230848e-03
5.5532966000e+03 2.3887085907e-03
5.5542831000e+03 2.2584195098e-03
5.5552696000e+03 2.2865716492e-03
5.5562561000e+03 2.1111251644e-03
5.5572426000e+03 2.2132428626e-03
5.5582291000e+03 2.0583125178e-03
5.5592156000e+03 2.1219355764e-03
5.5602021000e+03 2.0065345542e-03
5.5611886000e+03 1.9796088242e-03
5.5621751000e+03 1.8322008655e-03
5.5631616000e+03 1.7645244966e-03
5.5641481000e+03 1.7907863042e-03
5.5651346000e+03 1.7299037044e-03
5.5661211000e+03 1.7863271422e-03
5.5671076000e+03 1.7502264358e-03
5.5680940000e+03 1.5293789160e-03
5.5690805000e+03 1.6836920527e-03
5.5700670000e+03 1.6025168530e-03
5.5710535000e+03 1.4918481387e-03
5.5720400000e+03 1.3371782502e-03
5.5730265000e+03 1.4722311351e-03
5.5740130000e+03 1.5097734531e-03
5.5749995000e+03 1.4556276208e-03
5.5759860000e+03 1.4724368737e-03
5.5769725000e+03 1.2378359021e-03
5.5779590000e+03 1.4189123389e-03
5.5789455000e+03 1.2325772967e-03
5.5799320000e+03 1.2889154666e-03
5.5809185000e+03 1.1128882975e-03
5.5819050000e+03 1.2139156750e-03
5.5828914000e+03 1.1593651374e-03
5.5838779000e+03 1.0645737667e-03
5.5848644000e+03 1.1272420661e-03
5.5858509000e+03 1.1590025755e-03
5.5868374000e+03 1.1226600297e-03
5.5878239000e+03 1.0581560733e-03
5.5888104000e+03 1.0667442392e-03
5.5897969000e+03 1.0311610783e-03
5.5907834000e+03 9.5942799889e-04
5.5917699000e+03 9.6168540712e-04
5.5927564000e+03 9.7540216025e-04
5.5937429000e+03 9.4848695374e-04
5.5947294000e+03 1.0038976608e-03
5.5957159000e+03 9.2681092618e-04
5.5967024000e+03 9.8110371595e-04
5.5976888000e+03 8.5528284382e-04
5.5986753000e+03 9.1450039905e-04
5.5996618000e+03 8.6675276569e-04
5.6006483000e+03 8.7209551371e-04
5.6016348000e+03 8.3228282280e-04
5.6026213000e+03 7.9087575064e-04
5.6036078000e+03 8.1113536010e-04
5.6045943000e+03 7.5187637832e-04
5.6055808000e+03 7.1091345357e-04
5.6065673000e+03 8.1100485898e-04
5.6075538000e+03 7.9403612445e-04
5.6085403000e+03 7.3332352452e-04
5.6095268000e+03 7.3533361815e-04
5.6105133000e+03 7.0590482855e-04
5.6114997000e+03 7.1367013052e-04
5.6124862000e+03 7.0085537851e-04
5.6134727000e+03 7.8646361428e-04
5.6144592000e+03 7.5217614548e-04
5.6154457000e+03 6.9776660676e-04
5.6164322000e+03 6.5528946359e-04
5.6174187000e+03 6.9648597617e-04
5.6184052000e+03 6.8345135576e-04
5.6193917000e+03 6.9486898810e-04
5.6203782000e+03 6.7879760909e-04
5.6213647000e+03 6.4273934557e-04
5.6223512000e+03 6.7411441657e-04
5.6233377000e+03 6.6746627707e-04
5.6243242000e+03 5.9768525174e-04
5.6253107000e+03 6.2300568191e-04
5.6262971000e+03 7.0666290768e-04
5.6272836000e+03 6.2007842677e-04
5.6282701000e+03 6.0809032328e-04
5.6292566000e+03 5.6389559929e-04
5.6302431000e+03 6.1646875033e-04
5.6312296000e+03 6.0286708946e-04
5.6322161000e+03 5.6565753269e-04
5.6332026000e+03 6.4423485361e-04
5.6341891000e+03 5.7353729024e-04
5.6351756000e+03 6.5872484334e-04
5.6361621000e+03 5.6770240748e-04
5.6371486000e+03 5.6105160758e-04
5.6381351000e+03 5.4532010640e-04
5.6391216000e+03 5.5978092165e-04
5.6401081000e+03 5.3342591927e-04
5.6410945000e+03 5.6910754111e-04
5.6420810000e+03 5.6011216586e-04
5.6430675000e+03 4.6895186447e-04
5.6440540000e+03 5.7105245470e-04
5.6450405000e+03 4.9143751407e-04
5.6460270000e+03 5.0712799194e-04
5.6470135000e+03 4.4603908275e-04
5.6480000000e+03 4.1728468533e-04
